Text is being written
200 search attempts were made, on average the following data:
The search type was normal
Success,RRTs,Nodes,NodesRej,NodesWasted,Time,RRTsF,NodesF,NodesRejF,NodesWatedF,TimeF
0.405,1,2212.87654320988,9.7283950617284,0,1.11451626666667,1,16098.1764705882,97.1764705882353,0,3.84762527647059
--------------------------
--------------------------
1,16099,0,3.8960912,0
--------------------------------
1,16068,0,3.7950466,0
--------------------------------
1,16101,0,3.941952,0
--------------------------------
1,4293,0,1.7264978,1
--------------------------------
1,425,0,0.8713121,1
--------------------------------
1,16104,0,3.6230918,0
--------------------------------
1,8,0,0.1438828,1
--------------------------------
1,90,0,0.7114926,1
--------------------------------
1,1771,0,1.0978131,1
--------------------------------
1,16104,0,4.0411675,0
--------------------------------
1,16101,0,3.949383,0
--------------------------------
1,16125,0,4.3781605,0
--------------------------------
1,104,0,0.621209,1
--------------------------------
1,195,0,0.7510607,1
--------------------------------
1,16075,0,3.4968719,0
--------------------------------
1,16095,0,4.0320695,0
--------------------------------
1,16112,0,3.4641994,0
--------------------------------
1,2051,0,1.0517859,1
--------------------------------
1,16084,0,4.1206962,0
--------------------------------
1,16096,0,3.6173722,0
--------------------------------
1,16089,0,3.8301916,0
--------------------------------
1,362,0,0.8226179,1
--------------------------------
1,16119,0,3.7284596,0
--------------------------------
1,16122,0,3.7895702,0
--------------------------------
1,192,0,0.7785946,1
--------------------------------
1,16098,0,3.7627949,0
--------------------------------
1,8446,0,2.8470549,1
--------------------------------
1,16088,0,3.8413427,0
--------------------------------
1,196,0,0.5840996,1
--------------------------------
1,16101,0,3.4394026,0
--------------------------------
1,16092,0,3.5939746,0
--------------------------------
1,16098,0,3.842085,0
--------------------------------
1,16061,0,3.817919,0
--------------------------------
1,16077,0,3.9445278,0
--------------------------------
1,16097,0,3.6089704,0
--------------------------------
1,4947,0,1.6973702,1
--------------------------------
1,501,0,0.8978176,1
--------------------------------
1,16106,0,3.8470743,0
--------------------------------
1,12,0,0.1766492,1
--------------------------------
1,127,0,0.5570324,1
--------------------------------
1,208,0,0.541442,1
--------------------------------
1,167,0,0.572277,1
--------------------------------
1,194,0,0.6482384,1
--------------------------------
1,16106,0,3.9199569,0
--------------------------------
1,6141,0,2.0382282,1
--------------------------------
1,16126,0,3.6780964,0
--------------------------------
1,80,0,0.5319724,1
--------------------------------
1,5877,0,1.7220079,1
--------------------------------
1,16119,0,3.6628244,0
--------------------------------
1,16113,0,3.9840115,0
--------------------------------
1,16109,0,3.7969061,0
--------------------------------
1,16084,0,3.7702936,0
--------------------------------
1,16060,0,3.6215104,0
--------------------------------
1,16096,0,3.9443697,0
--------------------------------
1,1373,0,0.9837037,1
--------------------------------
1,124,0,0.5936099,1
--------------------------------
1,16099,0,3.9359861,0
--------------------------------
1,31,0,0.1729463,1
--------------------------------
1,16111,0,4.1255567,0
--------------------------------
1,16096,0,3.8242697,0
--------------------------------
1,16070,0,3.693586,0
--------------------------------
1,14082,0,3.4136343,1
--------------------------------
1,49,0,0.1504001,1
--------------------------------
1,66,0,0.3690089,1
--------------------------------
1,6042,0,1.6649024,1
--------------------------------
1,16117,0,4.003213,0
--------------------------------
1,16082,0,3.7374034,0
--------------------------------
1,16100,0,3.7902994,0
--------------------------------
1,16080,0,3.8621423,0
--------------------------------
1,16107,0,3.9381372,0
--------------------------------
1,16108,0,3.727824,0
--------------------------------
1,108,0,0.7154033,1
--------------------------------
1,16108,0,3.9401833,0
--------------------------------
1,16091,0,4.0380081,0
--------------------------------
1,16106,0,3.7914203,0
--------------------------------
1,16121,0,3.8976489,0
--------------------------------
1,16125,0,3.6284533,0
--------------------------------
1,2339,0,1.0699217,1
--------------------------------
1,16106,0,3.814113,0
--------------------------------
1,142,0,0.524919,1
--------------------------------
1,16103,0,3.643372,0
--------------------------------
1,2791,0,1.4313303,1
--------------------------------
1,16103,0,3.8248461,0
--------------------------------
1,8415,0,3.0196366,1
--------------------------------
1,16055,0,3.6422331,0
--------------------------------
1,109,0,0.5319577,1
--------------------------------
1,10164,0,2.5793592,1
--------------------------------
1,83,0,0.5274315,1
--------------------------------
1,136,0,1.3968176,1
--------------------------------
1,16082,0,3.7645876,0
--------------------------------
1,16086,0,3.5380828,0
--------------------------------
1,2881,0,1.4639509,1
--------------------------------
1,16100,0,3.9844835,0
--------------------------------
1,16069,0,3.4569363,0
--------------------------------
1,191,0,0.8102039,1
--------------------------------
1,102,0,0.3374028,1
--------------------------------
1,16124,0,3.5127515,0
--------------------------------
1,16101,0,3.8934095,0
--------------------------------
1,16094,0,4.0258607,0
--------------------------------
1,16085,0,4.3139266,0
--------------------------------
1,16110,0,4.0106987,0
--------------------------------
1,294,0,0.7615342,1
--------------------------------
1,8714,0,2.5980212,1
--------------------------------
1,2074,0,1.0138406,1
--------------------------------
1,16071,0,3.8129274,0
--------------------------------
1,848,0,1.028416,1
--------------------------------
1,13940,0,3.6426529,1
--------------------------------
1,339,0,0.43414,1
--------------------------------
1,1386,0,1.1823278,1
--------------------------------
1,16109,0,4.1163284,0
--------------------------------
1,16115,0,3.9454952,0
--------------------------------
1,8,0,0.1478946,1
--------------------------------
1,99,0,0.5168742,1
--------------------------------
1,16086,0,3.8510347,0
--------------------------------
1,16103,0,3.4726194,0
--------------------------------
1,174,0,0.4101135,1
--------------------------------
1,16107,0,3.975354,0
--------------------------------
1,16116,0,4.0797038,0
--------------------------------
1,16108,0,3.7575666,0
--------------------------------
1,167,0,0.3223616,1
--------------------------------
1,13,0,0.2140758,1
--------------------------------
1,16100,0,3.7258171,0
--------------------------------
1,16087,0,3.6226633,0
--------------------------------
1,16098,0,4.1475173,0
--------------------------------
1,16091,0,3.8017453,0
--------------------------------
1,16106,0,3.7361219,0
--------------------------------
1,16105,0,3.8423675,0
--------------------------------
1,38,0,0.2420889,1
--------------------------------
1,16105,0,3.8429759,0
--------------------------------
1,16085,0,3.6968037,0
--------------------------------
1,1594,0,1.2700624,1
--------------------------------
1,16103,0,3.7362499,0
--------------------------------
1,16091,0,3.4378027,0
--------------------------------
1,16098,0,3.6734777,0
--------------------------------
1,2141,0,1.0027085,1
--------------------------------
1,16084,0,3.7752259,0
--------------------------------
1,16097,0,3.7346147,0
--------------------------------
1,16121,0,3.9248213,0
--------------------------------
1,16078,0,3.8786377,0
--------------------------------
1,1310,0,1.1356489,1
--------------------------------
1,16079,0,3.9574976,0
--------------------------------
1,16068,0,4.2398892,0
--------------------------------
1,547,0,0.8632781,1
--------------------------------
1,16122,0,3.9204025,0
--------------------------------
1,16087,0,3.9014221,0
--------------------------------
1,16139,0,3.7990154,0
--------------------------------
1,16083,0,4.3000287,0
--------------------------------
1,1495,0,1.1912262,1
--------------------------------
1,354,0,0.793526,1
--------------------------------
1,16084,0,3.6872543,0
--------------------------------
1,16119,0,4.5320688,0
--------------------------------
1,381,0,0.8918936,1
--------------------------------
1,16099,0,4.1772889,0
--------------------------------
1,753,0,1.3114729,1
--------------------------------
1,93,0,0.629702,1
--------------------------------
1,16094,0,3.6066359,0
--------------------------------
1,16097,0,4.2118821,0
--------------------------------
1,474,0,1.2904685,1
--------------------------------
1,154,0,0.9210303,1
--------------------------------
1,16088,0,3.6992081,0
--------------------------------
1,16127,0,4.167052,0
--------------------------------
1,16091,0,3.5495518,0
--------------------------------
1,16092,0,5.022961,0
--------------------------------
1,16109,0,4.0724488,0
--------------------------------
1,588,0,1.126498,1
--------------------------------
1,16095,0,4.724223,0
--------------------------------
1,16100,0,3.8684606,0
--------------------------------
1,7783,0,2.0474217,1
--------------------------------
1,15726,0,4.2842301,1
--------------------------------
1,16090,0,3.8122503,0
--------------------------------
1,16117,0,3.7333964,0
--------------------------------
1,16076,0,3.6177431,0
--------------------------------
1,201,0,0.3744952,1
--------------------------------
1,16102,0,3.7556565,0
--------------------------------
1,16112,0,4.1503429,0
--------------------------------
1,16110,0,4.0689079,0
--------------------------------
1,166,0,0.5564808,1
--------------------------------
1,16108,0,3.5921375,0
--------------------------------
1,16084,0,3.4362844,0
--------------------------------
1,267,0,0.3955523,1
--------------------------------
1,16101,0,3.5446353,0
--------------------------------
1,924,0,1.7864311,1
--------------------------------
1,3232,0,1.41942,1
--------------------------------
1,16085,0,3.7807619,0
--------------------------------
1,8530,0,2.3306662,1
--------------------------------
1,16100,0,3.6917481,0
--------------------------------
1,16099,0,3.5009829,0
--------------------------------
1,16118,0,4.0285602,0
--------------------------------
1,16104,0,3.5863151,0
--------------------------------
1,16106,0,4.0857439,0
--------------------------------
1,16082,0,3.558504,0
--------------------------------
1,3718,0,1.6606402,1
--------------------------------
1,10535,0,2.6239002,1
--------------------------------
1,16087,0,3.8971453,0
--------------------------------
1,99,0,0.3600809,1
--------------------------------
1,361,0,0.8964325,1
--------------------------------
1,747,0,0.8865247,1
--------------------------------
1,16101,0,3.8613134,0
--------------------------------
1,3172,0,1.3088492,1
--------------------------------
1,189,0,1.2558394,1
--------------------------------
