Text is being written
200 search attempts were made, on average the following data:
The search type was normal
Success,RRTs,Nodes,NodesRej,NodesWasted,Time,RRTsF,NodesF,NodesRejF,NodesWatedF,TimeF
0.555,1,7503.8018018018,46.018018018018,0,2.08162714324324,1,32258.9550561798,257.955056179775,0,6.95077771460674
--------------------------
--------------------------
1,235,0,0.6051327,1
--------------------------------
1,32298,0,7.2423962,0
--------------------------------
1,15909,0,3.9544916,1
--------------------------------
1,15090,0,3.4443915,1
--------------------------------
1,1716,0,1.01245,1
--------------------------------
1,32267,0,7.2656006,0
--------------------------------
1,433,0,0.7102038,1
--------------------------------
1,32249,0,7.1981221,0
--------------------------------
1,28909,0,6.396794,1
--------------------------------
1,33,0,0.2110908,1
--------------------------------
1,32213,0,7.6850316,0
--------------------------------
1,32296,0,7.4436183,0
--------------------------------
1,32295,0,7.0060322,0
--------------------------------
1,32222,0,6.1090869,0
--------------------------------
1,32196,0,6.3736833,0
--------------------------------
1,32320,0,6.9914129,0
--------------------------------
1,18,0,0.1178134,1
--------------------------------
1,26046,0,5.4609232,1
--------------------------------
1,32207,0,7.3238715,0
--------------------------------
1,8482,0,2.0425372,1
--------------------------------
1,10045,0,2.7514957,1
--------------------------------
1,32254,0,6.4148973,0
--------------------------------
1,32285,0,6.6600408,0
--------------------------------
1,13903,0,3.2946349,1
--------------------------------
1,14348,0,3.4174858,1
--------------------------------
1,32333,0,6.4965878,0
--------------------------------
1,28159,0,6.2558319,1
--------------------------------
1,32242,0,6.3171926,0
--------------------------------
1,32234,0,6.6824993,0
--------------------------------
1,32258,0,6.851467,0
--------------------------------
1,32256,0,6.926855,0
--------------------------------
1,32221,0,6.580138,0
--------------------------------
1,32268,0,6.5414543,0
--------------------------------
1,12200,0,3.0135546,1
--------------------------------
1,32272,0,6.9126929,0
--------------------------------
1,32294,0,7.0830183,0
--------------------------------
1,32303,0,6.9775241,0
--------------------------------
1,32289,0,6.5577256,0
--------------------------------
1,148,0,0.6893078,1
--------------------------------
1,7472,0,1.9664901,1
--------------------------------
1,1284,0,0.8039951,1
--------------------------------
1,21890,0,4.7493821,1
--------------------------------
1,5862,0,1.7183149,1
--------------------------------
1,32287,0,6.7830188,0
--------------------------------
1,32302,0,6.9224201,0
--------------------------------
1,32240,0,6.648475,0
--------------------------------
1,32320,0,7.0828074,0
--------------------------------
1,32289,0,7.5900844,0
--------------------------------
1,1678,0,0.9804164,1
--------------------------------
1,32256,0,6.7102082,0
--------------------------------
1,32258,0,6.5888601,0
--------------------------------
1,32296,0,6.386891,0
--------------------------------
1,401,0,0.5670397,1
--------------------------------
1,24846,0,5.4225884,1
--------------------------------
1,32271,0,6.8526577,0
--------------------------------
1,32221,0,6.8575007,0
--------------------------------
1,93,0,0.557945,1
--------------------------------
1,32296,0,7.0024573,0
--------------------------------
1,155,0,0.6803004,1
--------------------------------
1,908,0,0.8868167,1
--------------------------------
1,225,0,0.8066396,1
--------------------------------
1,2493,0,1.2199781,1
--------------------------------
1,481,0,0.5024751,1
--------------------------------
1,28161,0,5.7352649,1
--------------------------------
1,32201,0,7.1490948,0
--------------------------------
1,111,0,0.5248708,1
--------------------------------
1,20637,0,4.6852876,1
--------------------------------
1,32257,0,7.2320128,0
--------------------------------
1,108,0,0.4151703,1
--------------------------------
1,32265,0,7.233919,0
--------------------------------
1,87,0,0.2842377,1
--------------------------------
1,32256,0,6.8160346,0
--------------------------------
1,13911,0,3.0062155,1
--------------------------------
1,32268,0,6.6625633,0
--------------------------------
1,15744,0,3.7331368,1
--------------------------------
1,15220,0,3.260069,1
--------------------------------
1,4653,0,1.5118214,1
--------------------------------
1,2693,0,1.1408621,1
--------------------------------
1,265,0,0.7400216,1
--------------------------------
1,32218,0,6.5483145,0
--------------------------------
1,32279,0,7.0463823,0
--------------------------------
1,32240,0,7.7770254,0
--------------------------------
1,10532,0,2.4795204,1
--------------------------------
1,1773,0,0.8607024,1
--------------------------------
1,20387,0,4.3629905,1
--------------------------------
1,3059,0,1.3411321,1
--------------------------------
1,239,0,1.4884891,1
--------------------------------
1,21815,0,5.8101411,1
--------------------------------
1,32317,0,6.707579,0
--------------------------------
1,18231,0,4.0340899,1
--------------------------------
1,10347,0,2.6673976,1
--------------------------------
1,32256,0,7.5286633,0
--------------------------------
1,226,0,0.4015683,1
--------------------------------
1,4880,0,1.5277235,1
--------------------------------
1,146,0,0.5379367,1
--------------------------------
1,8063,0,2.3672793,1
--------------------------------
1,381,0,1.0417411,1
--------------------------------
1,385,0,0.5424423,1
--------------------------------
1,32149,0,6.9444815,0
--------------------------------
1,439,0,0.9084258,1
--------------------------------
1,32283,0,7.4490453,0
--------------------------------
1,32305,0,7.3799797,0
--------------------------------
1,32264,0,6.8585271,0
--------------------------------
1,32276,0,6.786565,0
--------------------------------
1,32269,0,6.7981838,0
--------------------------------
1,1346,0,1.0604986,1
--------------------------------
1,11811,0,2.7829387,1
--------------------------------
1,105,0,0.4205925,1
--------------------------------
1,73,0,0.4126008,1
--------------------------------
1,32267,0,7.1218928,0
--------------------------------
1,1679,0,1.7839141,1
--------------------------------
1,32270,0,7.7050819,0
--------------------------------
1,32277,0,6.977937,0
--------------------------------
1,23866,0,5.4132669,1
--------------------------------
1,1844,0,0.7908017,1
--------------------------------
1,26790,0,5.8275902,1
--------------------------------
1,32298,0,7.0095554,0
--------------------------------
1,26813,0,5.9030534,1
--------------------------------
1,32269,0,6.970605,0
--------------------------------
1,1934,0,1.2335935,1
--------------------------------
1,32224,0,6.8748893,0
--------------------------------
1,32242,0,7.8350335,0
--------------------------------
1,124,0,0.4622285,1
--------------------------------
1,32215,0,6.4911644,0
--------------------------------
1,24298,0,5.0742547,1
--------------------------------
1,26791,0,5.9816541,1
--------------------------------
1,32259,0,7.1756813,0
--------------------------------
1,6985,0,2.0221883,1
--------------------------------
1,468,0,0.9194476,1
--------------------------------
1,32244,0,7.0895953,0
--------------------------------
1,32242,0,6.9515239,0
--------------------------------
1,42,0,0.1749655,1
--------------------------------
1,32252,0,7.29538,0
--------------------------------
1,32207,0,6.8806929,0
--------------------------------
1,31754,0,6.3841544,1
--------------------------------
1,32239,0,7.1694966,0
--------------------------------
1,32269,0,6.4632407,0
--------------------------------
1,2753,0,1.2165845,1
--------------------------------
1,198,0,0.7429766,1
--------------------------------
1,32206,0,6.7314439,0
--------------------------------
1,32242,0,7.1282352,0
--------------------------------
1,32226,0,6.9878649,0
--------------------------------
1,32278,0,7.0089525,0
--------------------------------
1,6251,0,2.0661235,1
--------------------------------
1,45,0,0.6953495,1
--------------------------------
1,32298,0,7.124027,0
--------------------------------
1,28518,0,6.3807075,1
--------------------------------
1,9914,0,2.4416482,1
--------------------------------
1,10554,0,2.463642,1
--------------------------------
1,32293,0,6.9514473,0
--------------------------------
1,32232,0,6.7307613,0
--------------------------------
1,10333,0,2.7362052,1
--------------------------------
1,32233,0,6.2311745,0
--------------------------------
1,17707,0,4.2078172,1
--------------------------------
1,85,0,0.5820177,1
--------------------------------
1,3777,0,1.4749084,1
--------------------------------
1,1596,0,1.1391547,1
--------------------------------
1,236,0,1.6496594,1
--------------------------------
1,32282,0,6.8478367,0
--------------------------------
1,1323,0,1.0871404,1
--------------------------------
1,127,0,0.2421419,1
--------------------------------
1,32259,0,7.0863973,0
--------------------------------
1,32277,0,6.4703498,0
--------------------------------
1,8042,0,2.3484949,1
--------------------------------
1,32327,0,7.3769813,0
--------------------------------
1,32218,0,6.7584792,0
--------------------------------
1,24429,0,5.4195405,1
--------------------------------
1,25627,0,5.3128295,1
--------------------------------
1,82,0,0.179976,1
--------------------------------
1,2718,0,1.2188059,1
--------------------------------
1,4794,0,1.7862829,1
--------------------------------
1,13699,0,3.0965634,1
--------------------------------
1,32269,0,6.8624647,0
--------------------------------
1,32212,0,6.7448614,0
--------------------------------
1,274,0,0.7354613,1
--------------------------------
1,812,0,0.7074044,1
--------------------------------
1,32219,0,7.3183817,0
--------------------------------
1,192,0,0.6446959,1
--------------------------------
1,32273,0,6.2987847,0
--------------------------------
1,9834,0,2.6806761,1
--------------------------------
1,9356,0,2.4868847,1
--------------------------------
1,481,0,0.9971508,1
--------------------------------
1,32236,0,7.1794265,0
--------------------------------
1,122,0,1.276391,1
--------------------------------
1,78,0,0.2426459,1
--------------------------------
1,406,0,0.9019819,1
--------------------------------
1,413,0,1.0523018,1
--------------------------------
1,141,0,0.5304135,1
--------------------------------
1,32298,0,7.2175287,0
--------------------------------
1,147,0,0.3905489,1
--------------------------------
1,32242,0,7.4270557,0
--------------------------------
1,3544,0,1.2812877,1
--------------------------------
1,32244,0,7.0109602,0
--------------------------------
1,268,0,0.3574497,1
--------------------------------
1,406,0,0.5063471,1
--------------------------------
1,32227,0,6.5074741,0
--------------------------------
1,32253,0,7.1658431,0
--------------------------------
1,819,0,1.0905265,1
--------------------------------
1,32218,0,7.4560142,0
--------------------------------
1,143,0,0.3930741,1
--------------------------------
