Text is being written
200 search attempts were made, on average the following data:
The search type was normal
Success,RRTs,Nodes,NodesRej,NodesWasted,Time,RRTsF,NodesF,NodesRejF,NodesWatedF,TimeF
0.815,1.93251533742331,4423.76687116564,14.3128834355828,0,2.21234560674847,4,16059.4594594595,55.4594594594595,0,6.18315189189189
--------------------------
--------------------------
4,12290,0,5.5928949,1
--------------------------------
4,12303,0,5.4932942,1
--------------------------------
4,16059,0,6.1472748,0
--------------------------------
1,94,0,0.4577418,1
--------------------------------
4,16062,0,6.2928678,0
--------------------------------
2,4136,0,2.5963474,1
--------------------------------
3,8267,0,4.0036006,1
--------------------------------
1,65,0,0.4607138,1
--------------------------------
1,1112,0,0.8588412,1
--------------------------------
2,4120,0,2.0301804,1
--------------------------------
1,215,0,0.6311966,1
--------------------------------
1,77,0,0.3530472,1
--------------------------------
2,4144,0,2.1567211,1
--------------------------------
1,330,0,0.5755375,1
--------------------------------
2,4267,0,2.0826312,1
--------------------------------
3,8222,0,3.0729032,1
--------------------------------
4,12142,0,5.0907944,1
--------------------------------
2,4411,0,1.6823464,1
--------------------------------
2,4562,0,2.9124622,1
--------------------------------
2,4195,0,2.1076449,1
--------------------------------
1,2136,0,0.9895241,1
--------------------------------
2,4118,0,1.8818215,1
--------------------------------
4,16072,0,5.9319158,0
--------------------------------
1,1548,0,1.0721123,1
--------------------------------
2,6519,0,2.6919487,1
--------------------------------
2,7265,0,3.0179066,1
--------------------------------
1,401,0,0.6267521,1
--------------------------------
1,1603,0,0.9782372,1
--------------------------------
1,396,0,1.0458912,1
--------------------------------
2,4253,0,2.0656344,1
--------------------------------
1,222,0,0.7374647,1
--------------------------------
1,668,0,0.8912149,1
--------------------------------
4,12218,0,5.1863168,1
--------------------------------
2,4355,0,2.6537606,1
--------------------------------
1,774,0,1.5115935,1
--------------------------------
2,4213,0,2.3695529,1
--------------------------------
1,2264,0,1.3952252,1
--------------------------------
3,8360,0,3.9284037,1
--------------------------------
2,4044,0,1.8285889,1
--------------------------------
1,183,0,0.8824797,1
--------------------------------
1,197,0,0.4422455,1
--------------------------------
4,16049,0,7.5804113,0
--------------------------------
3,8456,0,3.3442574,1
--------------------------------
1,317,0,0.9112098,1
--------------------------------
4,13166,0,5.3239908,1
--------------------------------
4,12988,0,5.3632022,1
--------------------------------
1,318,0,0.6397294,1
--------------------------------
3,8223,0,3.8604257,1
--------------------------------
3,8652,0,3.5909287,1
--------------------------------
2,7493,0,2.4689177,1
--------------------------------
1,149,0,0.850277,1
--------------------------------
4,12071,0,5.3727071,1
--------------------------------
1,650,0,0.8742786,1
--------------------------------
1,1787,0,1.0290931,1
--------------------------------
3,8118,0,3.501952,1
--------------------------------
1,172,0,0.7725541,1
--------------------------------
4,12335,0,5.8558387,1
--------------------------------
1,404,0,1.0576546,1
--------------------------------
1,373,0,0.4893029,1
--------------------------------
4,14993,0,5.729629,1
--------------------------------
1,614,0,0.7755269,1
--------------------------------
3,8359,0,3.8570188,1
--------------------------------
2,4243,0,1.8600331,1
--------------------------------
1,856,0,1.7624551,1
--------------------------------
1,85,0,0.4402065,1
--------------------------------
4,16062,0,6.3843484,0
--------------------------------
1,239,0,0.6923154,1
--------------------------------
1,1345,0,1.1270745,1
--------------------------------
1,1145,0,1.6474127,1
--------------------------------
4,16074,0,6.1241917,0
--------------------------------
1,26,0,0.1815223,1
--------------------------------
2,5280,0,2.7330052,1
--------------------------------
1,419,0,0.8262767,1
--------------------------------
1,204,0,0.7831101,1
--------------------------------
4,16041,0,6.8769219,0
--------------------------------
1,240,0,0.7349552,1
--------------------------------
4,16060,0,6.1193131,0
--------------------------------
4,16067,0,6.7584547,0
--------------------------------
1,249,0,0.6722889,1
--------------------------------
1,28,0,0.2115621,1
--------------------------------
2,7917,0,3.314902,1
--------------------------------
2,5578,0,3.0245366,1
--------------------------------
1,616,0,1.2687204,1
--------------------------------
2,4371,0,2.5070815,1
--------------------------------
3,11948,0,4.3792288,1
--------------------------------
4,12341,0,5.2699546,1
--------------------------------
1,956,0,0.7100481,1
--------------------------------
4,16066,0,5.6917327,0
--------------------------------
4,12101,0,4.3715428,1
--------------------------------
2,4075,0,1.8835941,1
--------------------------------
3,8425,0,3.8659637,1
--------------------------------
1,486,0,0.9385402,1
--------------------------------
3,11193,0,4.3333664,1
--------------------------------
4,12513,0,5.6099588,1
--------------------------------
1,2033,0,1.2002585,1
--------------------------------
4,16048,0,6.0159633,0
--------------------------------
2,4172,0,1.7655618,1
--------------------------------
4,16058,0,5.8809864,0
--------------------------------
3,12000,0,4.3309012,1
--------------------------------
1,104,0,0.3007998,1
--------------------------------
4,12167,0,5.0623819,1
--------------------------------
1,766,0,1.0482785,1
--------------------------------
4,16048,0,7.1339276,0
--------------------------------
3,9551,0,4.1551903,1
--------------------------------
2,5307,0,2.483209,1
--------------------------------
4,16055,0,5.4608273,0
--------------------------------
2,4673,0,2.7043537,1
--------------------------------
1,592,0,0.9004242,1
--------------------------------
1,678,0,1.200797,1
--------------------------------
1,578,0,1.1194881,1
--------------------------------
1,423,0,0.7836159,1
--------------------------------
2,4206,0,2.4345122,1
--------------------------------
4,12419,0,5.2861169,1
--------------------------------
1,1057,0,0.931064,1
--------------------------------
1,154,0,0.7284371,1
--------------------------------
4,16063,0,6.3520896,0
--------------------------------
1,671,0,1.0027646,1
--------------------------------
4,16072,0,6.1963443,0
--------------------------------
4,12199,0,5.140236,1
--------------------------------
1,313,0,1.0007779,1
--------------------------------
4,16046,0,6.1898056,0
--------------------------------
4,16072,0,5.9643635,0
--------------------------------
3,8217,0,3.7313906,1
--------------------------------
1,1777,0,1.010987,1
--------------------------------
4,16070,0,6.6293053,0
--------------------------------
4,13279,0,6.1212706,1
--------------------------------
1,1041,0,0.9331306,1
--------------------------------
1,358,0,0.8517909,1
--------------------------------
3,8045,0,3.3549865,1
--------------------------------
2,5126,0,2.5675904,1
--------------------------------
1,42,0,0.3980858,1
--------------------------------
1,510,0,0.9074232,1
--------------------------------
4,12557,0,5.7263836,1
--------------------------------
4,16068,0,6.1673005,0
--------------------------------
1,78,0,0.3573886,1
--------------------------------
4,16063,0,5.8948365,0
--------------------------------
2,6228,0,3.3780819,1
--------------------------------
1,128,0,1.0781117,1
--------------------------------
4,16053,0,5.661399,0
--------------------------------
3,8333,0,3.4116013,1
--------------------------------
3,8266,0,3.5953035,1
--------------------------------
1,45,0,0.3714571,1
--------------------------------
2,4144,0,1.8724929,1
--------------------------------
2,4176,0,2.1720721,1
--------------------------------
2,4112,0,1.6512941,1
--------------------------------
2,4178,0,2.0782681,1
--------------------------------
4,16067,0,6.5239909,0
--------------------------------
4,12215,0,5.6767895,1
--------------------------------
3,8626,0,3.5555888,1
--------------------------------
1,1981,0,1.064021,1
--------------------------------
1,913,0,0.8237612,1
--------------------------------
1,363,0,0.8201544,1
--------------------------------
4,12110,0,5.6189678,1
--------------------------------
1,244,0,0.4381669,1
--------------------------------
1,97,0,0.7299127,1
--------------------------------
3,10710,0,4.2527398,1
--------------------------------
1,226,0,0.9820843,1
--------------------------------
1,80,0,0.4120991,1
--------------------------------
4,16064,0,5.4934389,0
--------------------------------
4,16062,0,7.0827058,0
--------------------------------
2,5936,0,2.6680029,1
--------------------------------
2,4036,0,1.6848701,1
--------------------------------
4,16043,0,5.776782,0
--------------------------------
3,8241,0,4.0264988,1
--------------------------------
3,8167,0,3.4558541,1
--------------------------------
3,8391,0,3.7063417,1
--------------------------------
2,4196,0,2.8443389,1
--------------------------------
1,25,0,0.1714585,1
--------------------------------
4,16057,0,5.9622886,0
--------------------------------
3,8189,0,3.2282427,1
--------------------------------
1,1530,0,1.3142003,1
--------------------------------
2,4327,0,2.0447506,1
--------------------------------
4,16059,0,6.1758876,0
--------------------------------
2,7818,0,2.8175707,1
--------------------------------
2,4161,0,2.0890221,1
--------------------------------
4,16074,0,6.0413586,0
--------------------------------
2,4122,0,1.9826919,1
--------------------------------
1,284,0,0.5114761,1
--------------------------------
1,12,0,0.1032486,1
--------------------------------
1,192,0,0.5269638,1
--------------------------------
4,16049,0,6.079827,0
--------------------------------
3,8312,0,3.4367221,1
--------------------------------
3,8285,0,3.4395187,1
--------------------------------
1,921,0,1.17991,1
--------------------------------
2,4179,0,2.0274758,1
--------------------------------
3,8110,0,3.6490478,1
--------------------------------
1,219,0,0.3480003,1
--------------------------------
4,16052,0,6.1866894,0
--------------------------------
4,16048,0,5.5328099,0
--------------------------------
3,8070,0,3.6209657,1
--------------------------------
1,211,0,0.4291456,1
--------------------------------
4,16077,0,6.4257714,0
--------------------------------
4,16056,0,6.281767,0
--------------------------------
1,387,0,0.7579929,1
--------------------------------
4,16058,0,5.8766703,0
--------------------------------
4,16059,0,5.8831952,0
--------------------------------
1,1117,0,1.0154623,1
--------------------------------
4,16047,0,5.9988563,0
--------------------------------
2,7881,0,3.0263862,1
--------------------------------
2,4281,0,1.8098863,1
--------------------------------
