Text is being written
200 search attempts were made, on average the following data:
The search type was normal
Success,RRTs,Nodes,NodesRej,NodesWasted,Time,RRTsF,NodesF,NodesRejF,NodesWatedF,TimeF
0.34,1,523.411764705882,1.10294117647059,0,0.740547364705882,1,4015.31060606061,14.3106060606061,0,1.53856051515152
--------------------------
--------------------------
1,4010,0,1.7393965,0
--------------------------------
1,288,0,0.6010683,1
--------------------------------
1,4018,0,1.6605891,0
--------------------------------
1,4010,0,1.3753034,0
--------------------------------
1,1547,0,1.1449368,1
--------------------------------
1,4014,0,1.5236124,0
--------------------------------
1,4015,0,1.576712,0
--------------------------------
1,4018,0,1.6940782,0
--------------------------------
1,4015,0,1.6757335,0
--------------------------------
1,67,0,0.4522907,1
--------------------------------
1,4021,0,1.5783717,0
--------------------------------
1,4019,0,2.0414428,0
--------------------------------
1,48,0,0.2075577,1
--------------------------------
1,4020,0,1.4362722,0
--------------------------------
1,4013,0,1.5541038,0
--------------------------------
1,4016,0,1.5583926,0
--------------------------------
1,4015,0,1.5074659,0
--------------------------------
1,4016,0,1.3694616,0
--------------------------------
1,78,0,0.3233432,1
--------------------------------
1,4019,0,1.5186722,0
--------------------------------
1,48,0,0.3840224,1
--------------------------------
1,175,0,0.4507923,1
--------------------------------
1,1095,0,1.1597698,1
--------------------------------
1,4017,0,1.6108837,0
--------------------------------
1,4021,0,1.5725863,0
--------------------------------
1,60,0,0.9406419,1
--------------------------------
1,4014,0,1.6209202,0
--------------------------------
1,4014,0,1.412327,0
--------------------------------
1,4012,0,1.4548831,0
--------------------------------
1,4014,0,1.4967704,0
--------------------------------
1,181,0,0.6011185,1
--------------------------------
1,4016,0,1.5726878,0
--------------------------------
1,4017,0,1.533685,0
--------------------------------
1,325,0,0.481901,1
--------------------------------
1,289,0,0.6673103,1
--------------------------------
1,4017,0,1.6400795,0
--------------------------------
1,4020,0,1.7908739,0
--------------------------------
1,385,0,0.9180989,1
--------------------------------
1,4016,0,1.4592111,0
--------------------------------
1,4014,0,2.0444809,0
--------------------------------
1,4017,0,1.7185997,0
--------------------------------
1,4017,0,1.3911687,0
--------------------------------
1,67,0,0.4015379,1
--------------------------------
1,4019,0,1.5980627,0
--------------------------------
1,4012,0,1.3782083,0
--------------------------------
1,4007,0,1.6852735,0
--------------------------------
1,4011,0,1.3757392,0
--------------------------------
1,555,0,1.0675355,1
--------------------------------
1,4022,0,1.6974709,0
--------------------------------
1,4018,0,1.3108356,0
--------------------------------
1,4017,0,1.2226739,0
--------------------------------
1,758,0,0.9892437,1
--------------------------------
1,114,0,0.358983,1
--------------------------------
1,4013,0,1.6316366,0
--------------------------------
1,4014,0,1.5077013,0
--------------------------------
1,4008,0,1.3536106,0
--------------------------------
1,71,0,0.5313822,1
--------------------------------
1,51,0,1.0506675,1
--------------------------------
1,4012,0,1.4560134,0
--------------------------------
1,944,0,1.0157926,1
--------------------------------
1,4015,0,1.3904947,0
--------------------------------
1,4020,0,1.5121521,0
--------------------------------
1,47,0,0.4949226,1
--------------------------------
1,4011,0,1.6131011,0
--------------------------------
1,84,0,0.1754739,1
--------------------------------
1,4018,0,1.3451262,0
--------------------------------
1,4015,0,1.4881106,0
--------------------------------
1,690,0,0.8382308,1
--------------------------------
1,149,0,0.4296142,1
--------------------------------
1,401,0,0.9436602,1
--------------------------------
1,55,0,0.7389651,1
--------------------------------
1,252,0,0.7663117,1
--------------------------------
1,4017,0,1.3215263,0
--------------------------------
1,1224,0,1.0648336,1
--------------------------------
1,4021,0,1.4841019,0
--------------------------------
1,4016,0,1.5708062,0
--------------------------------
1,4020,0,1.4693969,0
--------------------------------
1,2587,0,1.1104286,1
--------------------------------
1,157,0,0.7530088,1
--------------------------------
1,56,0,0.0962245,1
--------------------------------
1,4018,0,1.4904604,0
--------------------------------
1,4014,0,1.359666,0
--------------------------------
1,321,0,1.015345,1
--------------------------------
1,4012,0,1.5035935,0
--------------------------------
1,287,0,0.4382893,1
--------------------------------
1,4013,0,1.7707861,0
--------------------------------
1,425,0,0.8403238,1
--------------------------------
1,4017,0,1.6085769,0
--------------------------------
1,4013,0,1.5045147,0
--------------------------------
1,4021,0,1.6148762,0
--------------------------------
1,4014,0,1.5898703,0
--------------------------------
1,4009,0,1.4308812,0
--------------------------------
1,4010,0,1.5955908,0
--------------------------------
1,4020,0,1.5407333,0
--------------------------------
1,4011,0,1.5936494,0
--------------------------------
1,4017,0,1.4398767,0
--------------------------------
1,461,0,1.0448458,1
--------------------------------
1,4014,0,1.9463257,0
--------------------------------
1,1226,0,0.9635748,1
--------------------------------
1,4019,0,2.5503886,0
--------------------------------
1,576,0,1.4153489,1
--------------------------------
1,4015,0,1.5554722,0
--------------------------------
1,152,0,0.6196481,1
--------------------------------
1,4015,0,1.3071125,0
--------------------------------
1,185,0,1.0342831,1
--------------------------------
1,4013,0,1.6611699,0
--------------------------------
1,4018,0,1.6271389,0
--------------------------------
1,4023,0,1.6506743,0
--------------------------------
1,245,0,0.570487,1
--------------------------------
1,1703,0,1.2770013,1
--------------------------------
1,4011,0,1.5955857,0
--------------------------------
1,4016,0,1.5186382,0
--------------------------------
1,4014,0,1.5877361,0
--------------------------------
1,4026,0,1.5387042,0
--------------------------------
1,138,0,0.3857133,1
--------------------------------
1,3856,0,1.5886862,1
--------------------------------
1,4010,0,1.5312048,0
--------------------------------
1,4020,0,1.3625852,0
--------------------------------
1,4022,0,1.5341042,0
--------------------------------
1,3682,0,1.3680714,1
--------------------------------
1,92,0,0.6232969,1
--------------------------------
1,4019,0,1.6009502,0
--------------------------------
1,4011,0,1.3287288,0
--------------------------------
1,4016,0,1.7650831,0
--------------------------------
1,113,0,0.4658086,1
--------------------------------
1,4018,0,1.5193272,0
--------------------------------
1,4015,0,1.2570807,0
--------------------------------
1,4012,0,1.5784479,0
--------------------------------
1,4014,0,1.5188492,0
--------------------------------
1,95,0,0.5304363,1
--------------------------------
1,174,0,1.5197219,1
--------------------------------
1,4021,0,1.6135874,0
--------------------------------
1,4009,0,1.7301114,0
--------------------------------
1,107,0,0.5093515,1
--------------------------------
1,31,0,0.2456828,1
--------------------------------
1,71,0,0.7027573,1
--------------------------------
1,137,0,0.477807,1
--------------------------------
1,4014,0,1.7001641,0
--------------------------------
1,4013,0,1.6865317,0
--------------------------------
1,602,0,1.0994494,1
--------------------------------
1,4017,0,1.5873798,0
--------------------------------
1,4017,0,1.6477583,0
--------------------------------
1,4024,0,1.5974669,0
--------------------------------
1,4013,0,1.5510147,0
--------------------------------
1,4012,0,1.4889233,0
--------------------------------
1,4011,0,1.5513905,0
--------------------------------
1,4014,0,1.3318652,0
--------------------------------
1,220,0,0.8267289,1
--------------------------------
1,4013,0,1.4094435,0
--------------------------------
1,3354,0,1.2439125,1
--------------------------------
1,4012,0,1.6555043,0
--------------------------------
1,4014,0,1.5447195,0
--------------------------------
1,4010,0,1.3902509,0
--------------------------------
1,4016,0,1.4305892,0
--------------------------------
1,4010,0,1.3050479,0
--------------------------------
1,4013,0,1.6208902,0
--------------------------------
1,4013,0,1.3606529,0
--------------------------------
1,4022,0,1.9192679,0
--------------------------------
1,4020,0,1.5119348,0
--------------------------------
1,21,0,0.1714336,1
--------------------------------
1,4016,0,1.3824983,0
--------------------------------
1,4013,0,1.3605779,0
--------------------------------
1,21,0,0.0927677,1
--------------------------------
1,126,0,1.0371694,1
--------------------------------
1,4014,0,1.6991705,0
--------------------------------
1,4018,0,1.8451179,0
--------------------------------
1,4015,0,1.5999594,0
--------------------------------
1,356,0,0.7610929,1
--------------------------------
1,4010,0,1.7382054,0
--------------------------------
1,4015,0,1.5536344,0
--------------------------------
1,84,0,0.3674736,1
--------------------------------
1,80,0,0.5234232,1
--------------------------------
1,4009,0,1.406373,0
--------------------------------
1,4016,0,1.4313762,0
--------------------------------
1,4014,0,1.3583426,0
--------------------------------
1,4013,0,1.3532494,0
--------------------------------
1,4018,0,1.4483693,0
--------------------------------
1,1429,0,1.0838436,1
--------------------------------
1,36,0,0.1418786,1
--------------------------------
1,4012,0,1.315433,0
--------------------------------
1,4012,0,1.5220677,0
--------------------------------
1,4015,0,1.5952909,0
--------------------------------
1,4013,0,1.4924646,0
--------------------------------
1,4026,0,1.6729297,0
--------------------------------
1,4021,0,1.3337504,0
--------------------------------
1,4009,0,1.1079579,0
--------------------------------
1,891,0,1.130073,1
--------------------------------
1,74,0,0.4381728,1
--------------------------------
1,4020,0,1.560578,0
--------------------------------
1,4017,0,1.7948929,0
--------------------------------
1,4017,0,1.2300869,0
--------------------------------
1,4014,0,1.262512,0
--------------------------------
1,569,0,0.9214921,1
--------------------------------
1,4013,0,1.4836911,0
--------------------------------
1,4018,0,1.5768637,0
--------------------------------
1,597,0,0.9836096,1
--------------------------------
1,4012,0,1.4068515,0
--------------------------------
1,4009,0,1.3373988,0
--------------------------------
1,4013,0,1.4666599,0
--------------------------------
1,207,0,0.7385514,1
--------------------------------
