Text is being written
200 search attempts were made, on average the following data:
The search type was normal
Success,RRTs,Nodes,NodesRej,NodesWasted,Time,RRTsF,NodesF,NodesRejF,NodesWatedF,TimeF
0.535,1.33644859813084,2006.93457943925,5.85046728971963,0,1.3095535728972,2,8029.69892473118,27.6989247311828,0,3.05944520107527
--------------------------
--------------------------
1,3077,0,1.8932258,1
--------------------------------
2,8024,0,3.0379793,0
--------------------------------
2,8030,0,3.1600578,0
--------------------------------
2,8030,0,3.1148331,0
--------------------------------
2,8021,0,3.0297932,0
--------------------------------
2,8029,0,2.7210463,0
--------------------------------
2,8034,0,2.7331652,0
--------------------------------
2,8035,0,3.7287761,0
--------------------------------
2,4320,0,2.3236206,1
--------------------------------
1,1882,0,1.2649389,1
--------------------------------
2,4425,0,2.4076187,1
--------------------------------
2,8025,0,2.7802937,0
--------------------------------
1,1223,0,1.1808147,1
--------------------------------
2,8033,0,3.0531161,0
--------------------------------
2,8033,0,3.0942832,0
--------------------------------
1,3690,0,1.2182291,1
--------------------------------
2,8034,0,3.3387854,0
--------------------------------
1,183,0,0.7083198,1
--------------------------------
2,8016,0,3.2804376,0
--------------------------------
2,8035,0,2.8035072,0
--------------------------------
2,8029,0,2.8517542,0
--------------------------------
2,8030,0,3.2475905,0
--------------------------------
2,8032,0,3.1941011,0
--------------------------------
1,177,0,0.428137,1
--------------------------------
2,6078,0,2.8978844,1
--------------------------------
2,8029,0,2.7502655,0
--------------------------------
1,1082,0,1.1622646,1
--------------------------------
2,4329,0,2.7597913,1
--------------------------------
1,2321,0,1.1995023,1
--------------------------------
1,51,0,0.4699259,1
--------------------------------
2,8034,0,3.2485793,0
--------------------------------
1,301,0,0.9124846,1
--------------------------------
2,8026,0,3.2921875,0
--------------------------------
1,108,0,0.6402103,1
--------------------------------
1,189,0,0.796658,1
--------------------------------
2,8026,0,3.3087853,0
--------------------------------
1,85,0,0.4411792,1
--------------------------------
2,8025,0,3.2546621,0
--------------------------------
2,8026,0,2.8271572,0
--------------------------------
1,158,0,0.5790408,1
--------------------------------
2,8034,0,2.9378987,0
--------------------------------
2,5202,0,2.5350965,1
--------------------------------
2,8032,0,2.8692831,0
--------------------------------
2,4138,0,2.3881986,1
--------------------------------
2,4119,0,2.0624968,1
--------------------------------
2,8019,0,2.8578713,0
--------------------------------
2,8021,0,2.9668156,0
--------------------------------
1,115,0,0.626694,1
--------------------------------
2,4130,0,1.5411907,1
--------------------------------
1,409,0,1.1064656,1
--------------------------------
2,8029,0,3.0414436,0
--------------------------------
2,8015,0,3.2330637,0
--------------------------------
2,8029,0,3.3396384,0
--------------------------------
2,4111,0,1.8241989,1
--------------------------------
2,4068,0,1.3618287,1
--------------------------------
1,120,0,0.5330126,1
--------------------------------
1,151,0,0.8142698,1
--------------------------------
2,8032,0,3.1639306,0
--------------------------------
2,8028,0,2.808713,0
--------------------------------
2,8026,0,2.9645685,0
--------------------------------
1,1898,0,1.3458259,1
--------------------------------
2,8035,0,2.7454588,0
--------------------------------
1,589,0,0.9610283,1
--------------------------------
1,510,0,1.4511296,1
--------------------------------
2,8032,0,2.9410729,0
--------------------------------
2,8021,0,3.1603138,0
--------------------------------
2,8029,0,3.2676624,0
--------------------------------
2,4042,0,1.6266841,1
--------------------------------
2,8036,0,3.1417723,0
--------------------------------
2,8031,0,2.7359686,0
--------------------------------
1,133,0,0.4693618,1
--------------------------------
1,726,0,1.2203925,1
--------------------------------
1,98,0,0.4386947,1
--------------------------------
2,8025,0,2.8401038,0
--------------------------------
1,438,0,0.8853258,1
--------------------------------
1,90,0,0.228626,1
--------------------------------
2,4397,0,2.686698,1
--------------------------------
1,107,0,0.5248952,1
--------------------------------
1,318,0,0.8628234,1
--------------------------------
2,8034,0,3.0643504,0
--------------------------------
1,1264,0,1.0291371,1
--------------------------------
1,200,0,0.5060322,1
--------------------------------
2,8028,0,2.9971516,0
--------------------------------
1,257,0,0.9907248,1
--------------------------------
1,1903,0,1.4651113,1
--------------------------------
1,291,0,0.6091209,1
--------------------------------
2,4335,0,2.2016163,1
--------------------------------
1,112,0,0.2346862,1
--------------------------------
1,251,0,0.5405061,1
--------------------------------
1,106,0,0.4472544,1
--------------------------------
1,1176,0,0.7440073,1
--------------------------------
2,4193,0,2.282606,1
--------------------------------
1,245,0,0.4582553,1
--------------------------------
1,68,0,0.4282105,1
--------------------------------
2,8025,0,3.0849869,0
--------------------------------
2,4147,0,1.9101696,1
--------------------------------
2,8029,0,3.0192589,0
--------------------------------
1,133,0,1.3968141,1
--------------------------------
1,43,0,0.5138659,1
--------------------------------
2,8030,0,3.1917493,0
--------------------------------
2,8033,0,3.1008451,0
--------------------------------
1,362,0,0.7314459,1
--------------------------------
2,8033,0,2.925596,0
--------------------------------
2,4036,0,1.6473819,1
--------------------------------
2,4305,0,2.1122873,1
--------------------------------
1,390,0,0.7890724,1
--------------------------------
1,485,0,0.8027159,1
--------------------------------
1,238,0,0.8829123,1
--------------------------------
2,8026,0,2.4215011,0
--------------------------------
2,4103,0,1.7089021,1
--------------------------------
2,4151,0,1.6461426,1
--------------------------------
2,8034,0,2.9009149,0
--------------------------------
1,1353,0,0.9181605,1
--------------------------------
2,8029,0,2.9623047,0
--------------------------------
2,8030,0,3.1148999,0
--------------------------------
1,1030,0,1.0377754,1
--------------------------------
2,4608,0,2.4921734,1
--------------------------------
2,8028,0,3.1497111,0
--------------------------------
2,8029,0,3.0453883,0
--------------------------------
2,8023,0,2.9597092,0
--------------------------------
2,5767,0,2.5715896,1
--------------------------------
2,8036,0,2.8936383,0
--------------------------------
2,8034,0,3.5630029,0
--------------------------------
1,3504,0,1.6838038,1
--------------------------------
2,8044,0,3.1195876,0
--------------------------------
2,8037,0,2.9760703,0
--------------------------------
2,4534,0,2.1946632,1
--------------------------------
2,8026,0,3.1996695,0
--------------------------------
2,8045,0,3.5841471,0
--------------------------------
1,222,0,0.7245473,1
--------------------------------
2,8034,0,3.0765196,0
--------------------------------
2,8028,0,3.1260845,0
--------------------------------
2,8027,0,3.0799167,0
--------------------------------
2,8030,0,2.9823727,0
--------------------------------
2,8018,0,3.378405,0
--------------------------------
2,8025,0,3.0548398,0
--------------------------------
2,4449,0,1.9282935,1
--------------------------------
2,8028,0,3.4520442,0
--------------------------------
2,5536,0,2.1796469,1
--------------------------------
2,8042,0,2.8247738,0
--------------------------------
2,8036,0,2.9296825,0
--------------------------------
1,82,0,0.4059926,1
--------------------------------
2,8026,0,2.9738856,0
--------------------------------
1,566,0,1.1164738,1
--------------------------------
1,2718,0,1.8960019,1
--------------------------------
2,4270,0,1.8769741,1
--------------------------------
2,4658,0,1.9636574,1
--------------------------------
1,2046,0,1.3457851,1
--------------------------------
1,211,0,0.7188876,1
--------------------------------
2,8040,0,3.0678503,0
--------------------------------
2,8032,0,2.7473811,0
--------------------------------
2,8023,0,3.2111409,0
--------------------------------
2,5293,0,2.6540635,1
--------------------------------
2,8030,0,3.0312099,0
--------------------------------
2,5602,0,2.3571661,1
--------------------------------
2,8035,0,2.8900669,0
--------------------------------
1,13,0,0.2005591,1
--------------------------------
2,8019,0,3.0236741,0
--------------------------------
2,8031,0,3.2191065,0
--------------------------------
2,7331,0,3.1414034,1
--------------------------------
1,173,0,0.7837186,1
--------------------------------
1,91,0,0.6066126,1
--------------------------------
1,166,0,1.003701,1
--------------------------------
1,301,0,1.0042671,1
--------------------------------
2,8038,0,3.8012408,0
--------------------------------
1,1735,0,1.1596568,1
--------------------------------
2,8034,0,2.8215778,0
--------------------------------
2,8019,0,2.7301502,0
--------------------------------
2,5746,0,2.6893173,1
--------------------------------
1,702,0,0.9251314,1
--------------------------------
2,8032,0,2.7807488,0
--------------------------------
1,756,0,0.6749943,1
--------------------------------
2,8035,0,2.8299669,0
--------------------------------
1,1125,0,1.2988964,1
--------------------------------
2,4329,0,2.3247347,1
--------------------------------
2,4606,0,2.0164168,1
--------------------------------
1,244,0,0.2942817,1
--------------------------------
2,8027,0,2.972595,0
--------------------------------
2,8034,0,3.270463,0
--------------------------------
2,8032,0,3.2887978,0
--------------------------------
1,1102,0,1.7387582,1
--------------------------------
2,8028,0,2.9240995,0
--------------------------------
2,4055,0,1.6190638,1
--------------------------------
2,8029,0,2.9972559,0
--------------------------------
2,8019,0,3.3814403,0
--------------------------------
2,8030,0,2.8647956,0
--------------------------------
1,1826,0,1.047238,1
--------------------------------
2,8038,0,3.153821,0
--------------------------------
2,8033,0,3.0721276,0
--------------------------------
2,4289,0,2.4801386,1
--------------------------------
2,4232,0,2.6391041,1
--------------------------------
2,8028,0,3.6653457,0
--------------------------------
1,84,0,0.9420349,1
--------------------------------
1,264,0,0.781573,1
--------------------------------
2,8034,0,2.9710277,0
--------------------------------
1,167,0,0.490229,1
--------------------------------
2,8025,0,2.7927769,0
--------------------------------
1,32,0,0.1709812,1
--------------------------------
2,4301,0,2.2531048,1
--------------------------------
1,241,0,0.9128979,1
--------------------------------
