Text is being written
200 search attempts were made, on average the following data:
The search type was normal
Success,RRTs,Nodes,NodesRej,NodesWasted,Time,RRTsF,NodesF,NodesRejF,NodesWatedF,TimeF
0.965,2.53886010362694,6914.32124352332,23.4507772020725,0,3.13547128341969,8,32121,113,0,11.7884042
--------------------------
--------------------------
2,5166,0,2.3601184,1
--------------------------------
1,1338,0,1.1572275,1
--------------------------------
4,12214,0,5.3725562,1
--------------------------------
2,4224,0,1.5148041,1
--------------------------------
2,4157,0,1.7720559,1
--------------------------------
1,199,0,0.7751279,1
--------------------------------
5,16257,0,6.8316119,1
--------------------------------
2,4533,0,2.2994211,1
--------------------------------
1,247,0,0.5518381,1
--------------------------------
3,8290,0,4.2316822,1
--------------------------------
1,55,0,0.2511667,1
--------------------------------
2,5093,0,2.9591055,1
--------------------------------
1,1642,0,1.2806355,1
--------------------------------
1,360,0,0.7244774,1
--------------------------------
4,12381,0,6.0264396,1
--------------------------------
4,12452,0,6.7483771,1
--------------------------------
3,8446,0,3.3827946,1
--------------------------------
2,4056,0,1.9517033,1
--------------------------------
7,26997,0,10.4077783,1
--------------------------------
2,4845,0,1.8560674,1
--------------------------------
4,12585,0,5.0236923,1
--------------------------------
4,12309,0,5.1151112,1
--------------------------------
2,4676,0,2.8086399,1
--------------------------------
2,4243,0,2.3585342,1
--------------------------------
1,3736,0,1.5857087,1
--------------------------------
2,6705,0,2.4726305,1
--------------------------------
4,12650,0,5.9188511,1
--------------------------------
2,4156,0,2.3660104,1
--------------------------------
1,382,0,0.5058647,1
--------------------------------
1,474,0,0.9054419,1
--------------------------------
1,54,0,0.1742508,1
--------------------------------
8,32120,0,11.2540158,0
--------------------------------
3,8353,0,3.4300262,1
--------------------------------
1,631,0,0.9247071,1
--------------------------------
6,20156,0,8.9742048,1
--------------------------------
1,64,0,0.7635313,1
--------------------------------
2,4697,0,2.3998202,1
--------------------------------
1,23,0,0.2792421,1
--------------------------------
1,749,0,1.1614614,1
--------------------------------
1,114,0,0.7860965,1
--------------------------------
5,18099,0,7.2902611,1
--------------------------------
1,105,0,0.3410508,1
--------------------------------
1,741,0,1.2603344,1
--------------------------------
1,187,0,0.6151467,1
--------------------------------
2,4148,0,1.6995522,1
--------------------------------
4,14059,0,5.8005845,1
--------------------------------
1,82,0,0.7544982,1
--------------------------------
2,4140,0,1.7536745,1
--------------------------------
1,588,0,0.7926845,1
--------------------------------
1,117,0,0.5740322,1
--------------------------------
3,8586,0,3.8986022,1
--------------------------------
5,16224,0,7.2902067,1
--------------------------------
2,4139,0,1.9843342,1
--------------------------------
1,436,0,0.7630983,1
--------------------------------
1,2720,0,1.4614597,1
--------------------------------
5,16094,0,6.6231191,1
--------------------------------
3,8144,0,3.0732571,1
--------------------------------
3,9403,0,3.6727977,1
--------------------------------
3,8152,0,3.612614,1
--------------------------------
2,4304,0,2.2783762,1
--------------------------------
2,4045,0,1.7780854,1
--------------------------------
1,425,0,1.0341546,1
--------------------------------
1,3464,0,1.4348077,1
--------------------------------
1,373,0,0.6783034,1
--------------------------------
1,1109,0,0.9761624,1
--------------------------------
1,3918,0,1.939535,1
--------------------------------
1,236,0,0.3048109,1
--------------------------------
5,16594,0,7.0487566,1
--------------------------------
1,665,0,0.9420215,1
--------------------------------
3,8199,0,3.6685236,1
--------------------------------
1,44,0,0.2532027,1
--------------------------------
1,294,0,1.1609763,1
--------------------------------
1,21,0,0.2260738,1
--------------------------------
2,4042,0,1.901803,1
--------------------------------
8,32101,0,12.2479781,0
--------------------------------
1,98,0,0.2301477,1
--------------------------------
1,3544,0,1.572813,1
--------------------------------
4,12432,0,5.1464476,1
--------------------------------
1,1230,0,0.9069123,1
--------------------------------
2,4103,0,2.1597039,1
--------------------------------
1,2531,0,1.15607,1
--------------------------------
7,24100,0,9.190538,1
--------------------------------
2,4671,0,2.2938298,1
--------------------------------
6,20511,0,7.670459,1
--------------------------------
1,487,0,0.7709209,1
--------------------------------
8,28387,0,10.7659261,1
--------------------------------
1,1886,0,0.8858729,1
--------------------------------
5,16137,0,6.842036,1
--------------------------------
2,6014,0,2.546289,1
--------------------------------
3,11770,0,4.6660635,1
--------------------------------
3,8642,0,4.051985,1
--------------------------------
7,24577,0,9.4893563,1
--------------------------------
6,20180,0,9.2001223,1
--------------------------------
1,406,0,0.8559714,1
--------------------------------
1,116,0,0.4948527,1
--------------------------------
2,4270,0,2.7756186,1
--------------------------------
3,8242,0,3.5094784,1
--------------------------------
5,16416,0,6.5410379,1
--------------------------------
8,32116,0,11.8859934,0
--------------------------------
5,16182,0,6.6204442,1
--------------------------------
1,36,0,0.1795371,1
--------------------------------
1,72,0,0.5850885,1
--------------------------------
4,13661,0,5.7137846,1
--------------------------------
1,83,0,0.4752336,1
--------------------------------
7,24308,0,9.6753345,1
--------------------------------
3,8044,0,3.0253511,1
--------------------------------
4,12205,0,4.6612636,1
--------------------------------
8,29111,0,11.2029315,1
--------------------------------
8,32144,0,12.1488475,0
--------------------------------
2,4180,0,2.2937105,1
--------------------------------
8,32120,0,11.6728191,0
--------------------------------
1,847,0,0.8998684,1
--------------------------------
3,8325,0,3.730928,1
--------------------------------
1,221,0,0.6011236,1
--------------------------------
2,5931,0,2.7432294,1
--------------------------------
2,4237,0,2.7754159,1
--------------------------------
1,173,0,0.6537408,1
--------------------------------
3,8733,0,3.6680057,1
--------------------------------
4,12178,0,5.7420572,1
--------------------------------
1,911,0,1.0073015,1
--------------------------------
1,1656,0,1.0443907,1
--------------------------------
1,3898,0,1.7946447,1
--------------------------------
1,132,0,0.4541799,1
--------------------------------
4,12636,0,5.3168464,1
--------------------------------
1,42,0,0.1178197,1
--------------------------------
1,125,0,0.4487139,1
--------------------------------
3,9776,0,4.1585831,1
--------------------------------
5,16407,0,7.2536915,1
--------------------------------
1,45,0,0.605111,1
--------------------------------
3,8164,0,4.1207037,1
--------------------------------
1,150,0,0.8091502,1
--------------------------------
2,7754,0,3.2039208,1
--------------------------------
1,1897,0,1.3202464,1
--------------------------------
4,12253,0,5.3138029,1
--------------------------------
3,10376,0,4.6701634,1
--------------------------------
1,372,0,0.9996326,1
--------------------------------
1,3489,0,1.1577305,1
--------------------------------
1,105,0,0.3084439,1
--------------------------------
2,6629,0,3.0829125,1
--------------------------------
4,12123,0,5.132138,1
--------------------------------
1,202,0,0.9449857,1
--------------------------------
1,1129,0,1.0277156,1
--------------------------------
2,4337,0,2.2810701,1
--------------------------------
6,22361,0,8.7212525,1
--------------------------------
1,46,0,0.2361314,1
--------------------------------
1,354,0,0.9059148,1
--------------------------------
1,166,0,0.493858,1
--------------------------------
2,4221,0,2.510157,1
--------------------------------
8,28184,0,10.8918063,1
--------------------------------
1,51,0,0.2276055,1
--------------------------------
1,191,0,0.7125426,1
--------------------------------
1,352,0,1.0523055,1
--------------------------------
2,7391,0,3.0793202,1
--------------------------------
2,4072,0,2.9988543,1
--------------------------------
1,200,0,0.4346564,1
--------------------------------
5,16262,0,6.0598898,1
--------------------------------
1,351,0,0.608646,1
--------------------------------
4,12127,0,5.0617316,1
--------------------------------
2,4748,0,2.4967977,1
--------------------------------
2,4291,0,2.4156199,1
--------------------------------
3,10969,0,4.3590545,1
--------------------------------
4,12291,0,5.2296524,1
--------------------------------
8,32128,0,11.5787161,0
--------------------------------
1,1555,0,1.2478418,1
--------------------------------
2,5191,0,2.1637149,1
--------------------------------
3,8534,0,4.0602659,1
--------------------------------
3,8095,0,3.1543701,1
--------------------------------
3,8115,0,3.0747611,1
--------------------------------
2,7420,0,3.3264895,1
--------------------------------
3,9337,0,4.2188292,1
--------------------------------
2,7465,0,2.5010058,1
--------------------------------
3,8196,0,3.3892127,1
--------------------------------
8,28615,0,11.7577049,1
--------------------------------
1,2697,0,1.3143899,1
--------------------------------
1,1681,0,0.7179802,1
--------------------------------
5,16252,0,6.5786055,1
--------------------------------
8,32118,0,11.7304594,0
--------------------------------
2,4135,0,1.9625884,1
--------------------------------
5,16194,0,6.1537052,1
--------------------------------
4,13629,0,5.6525662,1
--------------------------------
4,12738,0,5.9546287,1
--------------------------------
3,8087,0,3.2434202,1
--------------------------------
1,174,0,0.7961156,1
--------------------------------
3,8254,0,4.7560531,1
--------------------------------
1,42,0,0.2055481,1
--------------------------------
3,8105,0,3.2583709,1
--------------------------------
6,20308,0,7.7816259,1
--------------------------------
7,24397,0,11.0502325,1
--------------------------------
3,8304,0,3.8000449,1
--------------------------------
3,8154,0,3.2903457,1
--------------------------------
3,8102,0,3.7029596,1
--------------------------------
7,24213,0,9.7378044,1
--------------------------------
4,13804,0,6.3545812,1
--------------------------------
2,4089,0,1.4944316,1
--------------------------------
1,66,0,0.5038408,1
--------------------------------
2,4126,0,1.6716339,1
--------------------------------
7,27361,0,10.8390177,1
--------------------------------
1,595,0,0.9432446,1
--------------------------------
1,136,0,0.4642295,1
--------------------------------
1,179,0,0.6888867,1
--------------------------------
