Text is being written
200 search attempts were made, on average the following data:
The search type was normal
Success,RRTs,Nodes,NodesRej,NodesWasted,Time,RRTsF,NodesF,NodesRejF,NodesWatedF,TimeF
0.335,1,771,2.02985074626866,0,0.7985365,1,8038.08270676692,37.0827067669173,0,2.2977995556391
--------------------------
--------------------------
1,236,0,0.6732675,1
--------------------------------
1,8040,0,2.3346602,0
--------------------------------
1,397,0,0.924429,1
--------------------------------
1,8037,0,2.3719205,0
--------------------------------
1,408,0,0.9189534,1
--------------------------------
1,134,0,0.4993557,1
--------------------------------
1,8041,0,2.2909766,0
--------------------------------
1,490,0,0.9506919,1
--------------------------------
1,8024,0,2.348877,0
--------------------------------
1,8051,0,2.2625196,0
--------------------------------
1,8034,0,2.3969279,0
--------------------------------
1,8041,0,2.3011736,0
--------------------------------
1,161,0,0.491247,1
--------------------------------
1,8030,0,2.3271382,0
--------------------------------
1,846,0,0.9399127,1
--------------------------------
1,8041,0,2.246132,0
--------------------------------
1,8038,0,2.1066672,0
--------------------------------
1,666,0,0.8094529,1
--------------------------------
1,8045,0,2.0124638,0
--------------------------------
1,6821,0,2.1779576,1
--------------------------------
1,8034,0,2.3778421,0
--------------------------------
1,8029,0,2.3867906,0
--------------------------------
1,998,0,0.9072192,1
--------------------------------
1,8029,0,2.2570701,0
--------------------------------
1,69,0,0.4442816,1
--------------------------------
1,130,0,0.5464525,1
--------------------------------
1,236,0,0.9777627,1
--------------------------------
1,223,0,0.5039059,1
--------------------------------
1,8036,0,2.0595383,0
--------------------------------
1,8029,0,2.3027234,0
--------------------------------
1,4786,0,1.8203064,1
--------------------------------
1,8042,0,2.1326358,0
--------------------------------
1,8028,0,2.2543398,0
--------------------------------
1,8032,0,2.011149,0
--------------------------------
1,8034,0,2.0353521,0
--------------------------------
1,489,0,0.7951161,1
--------------------------------
1,8041,0,2.5934417,0
--------------------------------
1,8036,0,2.0817893,0
--------------------------------
1,119,0,0.3908436,1
--------------------------------
1,8047,0,2.3561852,0
--------------------------------
1,8033,0,2.2319622,0
--------------------------------
1,8037,0,2.1388919,0
--------------------------------
1,8037,0,2.1611545,0
--------------------------------
1,8033,0,2.4567482,0
--------------------------------
1,147,0,0.5660508,1
--------------------------------
1,562,0,0.9806656,1
--------------------------------
1,105,0,0.3845482,1
--------------------------------
1,2694,0,1.4034749,1
--------------------------------
1,8059,0,2.1877927,0
--------------------------------
1,8043,0,3.1564861,0
--------------------------------
1,8052,0,2.2220731,0
--------------------------------
1,8044,0,2.3692763,0
--------------------------------
1,8030,0,2.2308759,0
--------------------------------
1,371,0,0.4391446,1
--------------------------------
1,93,0,0.4757661,1
--------------------------------
1,8033,0,2.4796677,0
--------------------------------
1,8039,0,2.5865158,0
--------------------------------
1,504,0,1.0219738,1
--------------------------------
1,8055,0,2.4356911,0
--------------------------------
1,8057,0,2.1411272,0
--------------------------------
1,8051,0,2.3215856,0
--------------------------------
1,8038,0,2.1099988,0
--------------------------------
1,8034,0,2.1584574,0
--------------------------------
1,86,0,0.6552709,1
--------------------------------
1,8034,0,1.9313841,0
--------------------------------
1,8012,0,1.8824256,0
--------------------------------
1,8038,0,2.0219287,0
--------------------------------
1,8043,0,2.170523,0
--------------------------------
1,8044,0,2.3011479,0
--------------------------------
1,806,0,0.7150038,1
--------------------------------
1,466,0,1.0176332,1
--------------------------------
1,1084,0,1.2017526,1
--------------------------------
1,7976,0,2.0528636,1
--------------------------------
1,656,0,0.8435957,1
--------------------------------
1,178,0,0.5033252,1
--------------------------------
1,8037,0,2.2565726,0
--------------------------------
1,8050,0,2.2423323,0
--------------------------------
1,8034,0,2.6194181,0
--------------------------------
1,8039,0,2.1901963,0
--------------------------------
1,8032,0,2.1643671,0
--------------------------------
1,8038,0,2.0872005,0
--------------------------------
1,8040,0,2.4143829,0
--------------------------------
1,8041,0,2.2557743,0
--------------------------------
1,8037,0,2.1536002,0
--------------------------------
1,8049,0,2.1567563,0
--------------------------------
1,8038,0,2.1416894,0
--------------------------------
1,272,0,0.704891,1
--------------------------------
1,8047,0,2.4067835,0
--------------------------------
1,8040,0,2.4666469,0
--------------------------------
1,8030,0,2.3049855,0
--------------------------------
1,58,0,0.1679354,1
--------------------------------
1,341,0,0.8624196,1
--------------------------------
1,8035,0,2.2267924,0
--------------------------------
1,8041,0,2.0263846,0
--------------------------------
1,8045,0,2.2175705,0
--------------------------------
1,8026,0,2.246079,0
--------------------------------
1,8042,0,2.2776614,0
--------------------------------
1,8036,0,2.2618352,0
--------------------------------
1,270,0,0.538963,1
--------------------------------
1,8034,0,2.2114585,0
--------------------------------
1,1050,0,1.2370076,1
--------------------------------
1,8034,0,2.2200808,0
--------------------------------
1,59,0,0.4070577,1
--------------------------------
1,200,0,0.8312125,1
--------------------------------
1,8039,0,3.0149689,0
--------------------------------
1,8028,0,2.2516513,0
--------------------------------
1,8032,0,2.386763,0
--------------------------------
1,380,0,1.2187423,1
--------------------------------
1,8036,0,2.2580395,0
--------------------------------
1,8037,0,2.1361005,0
--------------------------------
1,8038,0,3.3292084,0
--------------------------------
1,8036,0,2.3703035,0
--------------------------------
1,8031,0,2.1846188,0
--------------------------------
1,8034,0,2.7152453,0
--------------------------------
1,8041,0,2.085414,0
--------------------------------
1,8038,0,2.0685868,0
--------------------------------
1,8038,0,2.434445,0
--------------------------------
1,8033,0,2.4463134,0
--------------------------------
1,8042,0,2.0820623,0
--------------------------------
1,8039,0,2.5749832,0
--------------------------------
1,159,0,0.8755558,1
--------------------------------
1,131,0,0.5279704,1
--------------------------------
1,8036,0,2.2900348,0
--------------------------------
1,8030,0,2.4160008,0
--------------------------------
1,8036,0,2.3693727,0
--------------------------------
1,157,0,0.5530035,1
--------------------------------
1,8043,0,2.1774299,0
--------------------------------
1,8033,0,2.0599072,0
--------------------------------
1,8041,0,2.3838774,0
--------------------------------
1,8035,0,2.184705,0
--------------------------------
1,8044,0,2.7042799,0
--------------------------------
1,8045,0,1.9870333,0
--------------------------------
1,217,0,0.5414776,1
--------------------------------
1,8037,0,2.0522043,0
--------------------------------
1,8038,0,2.1410367,0
--------------------------------
1,8030,0,2.300641,0
--------------------------------
1,1092,0,0.9215505,1
--------------------------------
1,8038,0,2.4616896,0
--------------------------------
1,8036,0,2.4099729,0
--------------------------------
1,53,0,0.4853159,1
--------------------------------
1,8028,0,2.1043572,0
--------------------------------
1,185,0,0.6202455,1
--------------------------------
1,1936,0,1.1128748,1
--------------------------------
1,8032,0,2.4897734,0
--------------------------------
1,36,0,0.134879,1
--------------------------------
1,155,0,0.3048705,1
--------------------------------
1,169,0,0.4416731,1
--------------------------------
1,8033,0,2.3143402,0
--------------------------------
1,8052,0,2.321987,0
--------------------------------
1,127,0,0.447691,1
--------------------------------
1,8042,0,2.3169796,0
--------------------------------
1,8036,0,2.0897743,0
--------------------------------
1,8034,0,3.1219916,0
--------------------------------
1,8048,0,2.4447806,0
--------------------------------
1,927,0,1.1529964,1
--------------------------------
1,8048,0,2.15028,0
--------------------------------
1,1728,0,1.2244466,1
--------------------------------
1,8035,0,2.4173992,0
--------------------------------
1,8045,0,2.5142168,0
--------------------------------
1,8042,0,2.1567803,0
--------------------------------
1,8034,0,2.3661818,0
--------------------------------
1,8046,0,2.6305174,0
--------------------------------
1,8038,0,2.2982568,0
--------------------------------
1,600,0,1.4856841,1
--------------------------------
1,8037,0,2.5680941,0
--------------------------------
1,8038,0,2.2242301,0
--------------------------------
1,55,0,0.1127985,1
--------------------------------
1,8044,0,2.7175891,0
--------------------------------
1,8043,0,2.5116219,0
--------------------------------
1,8032,0,1.7677335,0
--------------------------------
1,2991,0,1.4030763,1
--------------------------------
1,8030,0,2.2522708,0
--------------------------------
1,295,0,0.5715315,1
--------------------------------
1,8036,0,2.1228963,0
--------------------------------
1,176,0,0.6768135,1
--------------------------------
1,8050,0,2.2706049,0
--------------------------------
1,8051,0,2.3374624,0
--------------------------------
1,8045,0,2.1003098,0
--------------------------------
1,8032,0,2.1007637,0
--------------------------------
1,558,0,1.4241382,1
--------------------------------
1,8028,0,2.7842381,0
--------------------------------
1,176,0,0.6763711,1
--------------------------------
1,8036,0,2.016659,0
--------------------------------
1,8037,0,2.2863066,0
--------------------------------
1,28,0,0.2767346,1
--------------------------------
1,8047,0,2.5032467,0
--------------------------------
1,8034,0,2.1021689,0
--------------------------------
1,8037,0,2.2189197,0
--------------------------------
1,8044,0,2.1226971,0
--------------------------------
1,238,0,0.5592285,1
--------------------------------
1,8037,0,2.265072,0
--------------------------------
1,453,0,1.1165264,1
--------------------------------
1,8037,0,2.4455612,0
--------------------------------
1,3084,0,1.4528094,1
--------------------------------
1,115,0,0.1834882,1
--------------------------------
1,224,0,1.052802,1
--------------------------------
1,25,0,0.1649388,1
--------------------------------
1,8047,0,2.3578503,0
--------------------------------
1,8025,0,2.5188606,0
--------------------------------
1,8031,0,1.9050824,0
--------------------------------
