
66 69 70 72 41 36 0

0 36 31 5 10 13 15 58 54 50 49

49 50 54 66 69

54 50 49 20 15 13 10 5 4 0 36 31 28 44 41 72 70 69 66 63 58

13 10 5 4 0 36 31 28 23 20 15 58 54 50 49 44 41 72 70 69 66 63

66 69 70 72 41 36 0 4 5 10 13 15 58 54 50 49 20 23 28 31

36 0 4 5 10 13 15 58 54 50 49 20 23 28 44 41

28 23 10 5 4 0 36 41 44 49 50 54 66 63

70 69 66 54 50 49 20 15 13 10

72 41 36 0 4 5 10 13 15 58 54 66 69

50 49 20

54 50 49 20 15 13 10 5 4 0 36 31 28

66 69 70 72 41 36 0 4 5 10 13 15 58 63

28 23 10 5 4 0 36 41 44 49

66 69 70 72 41 36 0 4 5 10 13 15 58 54

66 69 70 72 41 36 0 4 5 10 13 15 58 54 50 49 20 23 28 31

0 36 31 5 10 13

72 41 36 0 4 5 10 13 15 58 54 50

66 69 70 72 41 36 0 4 5 10 13 15 58 63

72 41 36 0 4 5 10 13 15 58 54 50 49 20

5 4 0 36

72 41 36 0

4 5 10 13 15 58 54 50 49 20 23 28 31 36 41 72 70 69 66

66 69 70 72 41 36 0 4 5 10 13 15 58 54 50 49 20 23 28 31

0 36 31 5 10

5 4 0 36 31 28 23 10 13 15 58

5 4 0 36 31 28 23 10 13 15 58 54 50 49 44 41 72 70 69 66

72 41 36 0 4 5 10 13 15 58 54 66

13 10 5 4 0 36 31 28 23 20 15 58 54 50 49 44 41

49 50 54 66 69 70 72 41 36 0 4 5 10 13

4 5 10 13 15 58 54 50 49 20 23 28

20 15 13 10 5 4 0 36 31 28 23

4 5 10 13 15 58 54 50 49 20 23

13 10 5 4 0 36 31 28 23 20 15 58 54 50 49 44 41 72 70 69 66 63

54 50 49 20 15 13 10 5 4 0 36 31 28 44

5 4 0 36 31 28 23 10 13 15 58 54 50 49 44

10 5 4 0 36 31 28 23 20 15 58

50 49 20 15 13 10 5 4 0 36 31 28 44 41 72 70

50 49 20 15 13

4 5 10 13 15 58 54 50 49 20 23 28

20 15 13 10 5 4 0 36 31 28 44 41 72 50 54 66 69

0 36 31 5 10 13 15 58 54 50 49 20 23 28 44 41 72 70 69 66

41 36 0 4 5 10 13 15 58 54 50 49 20 23 28 44

41 36 0 4 5 10 13 15 58 54 50 49 20

36 0

10 5 4

66 69 70 72 41 36 0 4 5 10 13 15 58 54

66 69 70 72

0 36 31 5 10 13 15 58 54 50 49 20 23 28 44 41 72 70 69 66

54 50 49 20 15 13 10 5 4 0 36 31 28 44 41 72 70 69 66 63 58

70 69 66 54 50 49 20 15

54 50 49 20 15 13 10 5

49 50

50 49 20 15 13 10 5 4

54 50 49 20 15 13 10 5 4 0 36 31 28 44 41 72 70 69 66 63

41 36 0 4 5 10 13 15 58 54 50 49 20 23 28

50 49 20 15 13 10 5 4 0 36 31 28 44 41 72 70 69 66 54 58 63

36 0

13 10 5 4 0 36 31 28 23 20 15

20 15 13 10
