
84 81 80 79 77 76 73 40 0 63
88 81 80 79 77 76 73 40 0

0 63 6 13 58 52 45 40 73 87 84 81 80 79 77 76
87 58 13 6

88 81 80 79 77 76
77 76 73 40 0

89 88 81 80 79 77 76 73 40 0 63 6
88 81 80 79

80 79 77 76 73 40 0
45 40 0 63 6 13 58

0 63 6 13
88 81 80 79 77 76 73 40 0 63 6 13 58

58 13
45 40 0 63 6 13 58 87 73 76 77 79 80 81 88

45 40 0 63 6 13 58 87 73 76 77
76 77 79 80 81 84 87

0 63 6 13 58 52 45 40 73 87 84 81 80 79 77 76
81 80

79 80 81 88 89 76 77
45 40 0 63 6 13 58 87 73 76 77 79 80 81 88

88 81 80 79 77 76 73 40 0 63 6 13 58 52 45
0 63 6 13 58 52 45 40 73 87 84 81

88 81 80
76 77 79 80 81 84 87 58 13 6 63 0 40

79 80 81 88 89 76 73
13 6 63 0 40 73 87 84 81 80 79 77 76 89

58 13
80 79 77 76 73 40 0 63 6

77 76 73 40 0 63
76 77 79 80 81 84 87 58 13 6 63 0 40 73

88 81 80 79 77 76 73 40
0 63 6 13 58 52 45

76 77 79 80 81 84 87 58 13 6 63 0 40 45 52
0 63 6 13 58 52 45 40 73 87 84 81 80 79

0 63 6 13 58 52 45 40 73 87 84 81 80 79 77 76
76 77 79 80 81 84 87 58 13 6 63 0 40

45 40 0 63 6 13 58 87 73
84 81 80 79 77 76 73 40 0 63 6 13 58

89 88
58 13
