
10 5 4 0 36 31 28 23 20 15 58 54 50
0 36 31 5 10 13 15 58 54 50 49 20 23 28
4 5 10 13 15 58 54 50 49 20 23

20 15 13 10 5 4 0 36 31
0 36
5 4 0 36 31 28 23 10 13 15 58 54 50 49 44 41 72 70 69 66 63

36 0 4 5 10 13 15 58 54 50 49 20 23 28 44
5 4 0 36 31 28 23 10 13 15
66 69 70 72 41 36 0 4 5 10 13 15 58 54 50 49 20 23 28 31

50 49 20 15 13 10
49 50 54 66 69 70 72
70 69 66 54 50 49 20 15 13 10

70 69 66 54 50 49 20 15 13 10 5 4 0 36 31
41 36 0 4 5 10 13 15
50 49 20

70 69 66 54 50 49 20 15 13 10 5
36 0 4 5 10 13 15 58 54 50 49 20 23 28 44 41 72
49 50 54 66 69 70 72 41 36 0 4 5 10 13 15 58 63

49 50 54 66 69 70 72 41 36 0 4 5 10 13 15 20 23
13 10 5 4 0 36 31 28 23 20 15 58
70 69 66 54 50 49 20 15 13 10 5 4 0 36 31 28

28 23 10 5 4 0 36 41 44
50 49
70 69 66 54 50 49 20 15 58 63

5 4 0 36 31 28 23 10 13 15
66 69 70 72 41
13 10 5 4 0 36 31 28 23

54 50 49 20
13 10 5 4 0 36 31 28 23 20 15 58 54 50
70 69 66 54 50 49 20 15 13

4 5 10 13 15 58 54 50 49
49 50 54 66 69 70 72 41 36 0 4 5 10 13 15 20 23 28 31
72 41 36

36 0 4 5 10 13 15 58 54 50 49
49 50 54 66 69 70 72 41 36 0 4 5 10 13 15 20 23 28
28 23 10 5 4 0 36 41 44

49 50 54 66 69 70 72 41 36
36 0 4 5 10 13 15 58 54 50
54 50 49 20 15 13 10

41 36 0 4 5 10 13 15
10 5 4 0 36 31 28
72 41 36 0 4 5 10 13 15 58

70 69
28 23 10 5 4 0 36 41 44 49 50 54 66 69 70 72
5 4 0 36 31 28 23 10 13 15 58 54 50 49 44

0 36 31 5 10 13 15 58 54 50 49 20 23
50 49 20 15 13 10 5 4 0 36
41 36

5 4 0 36 31 28 23 10 13 15 58 54
49 50 54 66
66 69 70 72 41 36 0 4 5

20 15 13 10 5 4 0
66 69 70 72 41 36 0
49 50

4 5
54 50 49 20 15 13 10
70 69 66 54 50 49 20 15 13 10 5 4 0 36 31 28 44

41 36 0 4 5 10 13 15 58 54 50 49 20 23 28 44
28 23 10 5 4
50 49 20 15 13 10 5

10 5 4
66 69 70 72 41 36 0 4 5 10 13 15 58 63
4 5 10 13 15 58 54 50 49 20 23 28

66 69 70 72 41 36 0 4 5 10 13 15 58 54 50
0 36
70 69 66 54 50 49 20 15 13 10 5 4 0 36 31 28

4 5 10 13 15 58 54 50 49 20 23 28 31
0 36 31 5 10 13 15 58 54 50 49 20 23 28 44 41 72 70
70 69 66 54 50 49 20 15 13 10 5 4 0 36 31 28 23

70 69 66 54 50 49 20 15
4 5 10 13 15 58 54 50 49
13 10 5 4 0 36 31 28 23 20

5 4 0 36 31 28 23 10 13 15
66 69 70 72 41 36 0 4 5 10 13 15 58 54 50
0 36 31 5 10

10 5 4 0 36
4 5 10 13 15 58 54 50 49 20 23
50 49 20 15 13 10 5 4 0 36 31 28 44 41 72 70 69 66 54

20 15 13 10 5 4 0 36 31 28 44 41 72 50 54 66 69
28 23 10 5 4 0 36 41 44 49 50 54 66 63
70 69

0 36 31 5 4
54 50 49 20 15 13 10 5 4 0
49 50 54 66 69 70 72 41 36 0 4 5 10 13 15 20 23

50 49 20 15 13 10 5 4 0 36 31 28 44
5 4 0 36 31 28 23 10
20 15 13 10 5 4 0 36 31 28 44 41

0 36 31
49 50 54 66 69 70 72
13 10 5 4 0 36 31 28 23 20

10 5 4 0 36 31 28 23 20 15 58 54 50 49 44 41 72 70
41 36 0 4 5 10 13 15 58 54 50 49 20 23 28 31
49 50 54 66 69 70 72 41 36 0 4 5 10 13 15 20 23 28 31

0 36 31 5 10 13 15 58 54 50 49 20 23 28 44 41 72 70
41 36
72 41 36 0 4 5 10 13 15 58 54 66 69

13 10 5 4 0 36 31 28 23 20 15 58 54 50 49 44
4 5 10 13 15 58 54 50 49
10 5 4 0 36 31

36 0 4 5 10 13
72 41 36 0 4 5 10 13
4 5 10 13 15 58 54 50 49

72 41 36 0 4 5 10 13 15 58 54 66 69 70
36 0 4 5 10 13 15 58 54 50 49 20 23 28 44 41 72
4 5 10 13 15 58 54 50 49 20 23 28 31 36 0

36 0 4 5 10 13 15 58 54 50 49 20 23 28 44 41 72 70 69 66
54 50 49 20 15 13 10 5
0 36 31 5 4

4 5 10 13 15 58 54 50 49
20 15 13 10 5 4 0 36 31 28 44 41
10 5 4 0 36 31 28 23 20 15 58 54 50 49

49 50 54 66 69 70 72 41 36 0 4 5 10 13 15 20 23 28 44
36 0 4 5 10 13 15 58 54 50 49 20 23 28 44 41
13 10 5 4 0 36 31 28 23 20 15 58 54 50 49

28 23 10 5 4 0 36 31
49 50 54 66 69 70 72 41 36 0 4 5
70 69 66 54 50 49 20 15 13 10

10 5 4 0 36 31 28 23 20 15 58 54 50 49 44 41
41 36 0 4 5 10 13
0 36 31 5 10 13 15 58 54 50 49 20 23 28

28 23 10 5 4 0 36 41 44 49 50 54
70 69 66
5 4 0 36 31 28 23 10 13 15

70 69 66 54 50 49 20 15 13 10 5 4 0 36 31
49 50 54 66 69 70 72 41 36 0
66 69 70 72 41 36 0 4 5 10 13 15 58 54

66 69 70 72 41 36 0 4 5
4 5 10 13 15
28 23 10 5 4 0 36 41 44 49 50 54 66 63 58 15 13

5 4 0 36 31 28 23 10 13 15 58 54 50 49 44
0 36 31 5 10 13 15 58 54 50 49 20
66 69 70 72 41 36 0 4 5 10 13 15 58 54 50

20 15 13 10 5 4 0 36
50 49 20 15 13 10 5
5 4 0 36 31 28 23 10

0 36 31 5 10 13 15 58 54 50
5 4 0 36 31 28 23 10 13 15 58
72 41 36 0 4 5 10 13 15

49 50 54 66 69 70 72 41 36 0 4 5 10 13
13 10 5 4 0 36 31 28 23 20 15 58 54 50 49 44 41 72 70
4 5 10 13 15 58 54 50

49 50 54 66 69 70
54 50 49 20 15 13 10 5 4 0 36 31 28 44 41 72 70 69
4 5 10 13 15 58 54 50 49 20 23 28 31 36 41 72 70 69

5 4 0 36 31 28 23 10 13 15 58 54 50
41 36 0
66 69 70 72 41 36 0 4
