
50 49 20 15 13 10 5 4 0 36 31 28 23
54 50 49 20 15 13 10 5 4 0 36 31 28 44 41 72 70 69 66 63 58
4 5 10 13 15 58 54
28 23 10 5 4 0 36 41 44 49 50 54 66 63 58 15 20

5 4 0 36 31 28 23 10 13 15 58 54 50 49
49 50 54
72 41 36 0 4
0 36 31 5 10 13 15 58 54 50 49

20 15 13 10 5 4 0 36 31 28 23
36 0
41 36 0 4 5 10
50 49 20 15 13 10 5 4 0 36 31

66 69 70 72 41 36 0 4 5 10 13 15 58 63
70 69 66 54 50 49 20
5 4 0 36 31 28 23 10 13 15 58 54 50 49 44 41
0 36 31 5 10 13 15 58 54 50 49 20 23 28 44 41

28 23 10 5 4 0 36 41 44 49 50 54 66 63 58 15 20
70 69 66 54 50 49 20 15 58
50 49 20 15 13 10 5 4 0 36 31 28
49 50 54 66 69 70 72 41

0 36 31 5 10 13 15 58 54 50 49 20 23 28
5 4 0 36 31 28 23 10 13 15 58 54 50 49 20
72 41 36 0 4 5 10
50 49 20

54 50 49 20 15 13 10 5
36 0 4
4 5
49 50 54 66

13 10 5 4 0 36 31 28 23 20 15 58 54 50 49 44
54 50 49 20 15 13 10 5 4 0 36 31 28 44 41 72
20 15 13 10 5
36 0 4 5 10 13

70 69 66 54 50 49 20 15
66 69 70 72 41 36 0 4 5 10 13 15 58 54 50 49 20
0 36 31 5 10 13 15 58 54 50 49 20 23 28
72 41 36

49 50 54 66 69 70 72 41 36 0 4 5 10 13 15 20 23 28 31
66 69 70 72 41 36 0 4 5 10 13 15 58 54 50 49
41 36 0 4
20 15 13 10 5 4 0 36 31 28

4 5 10 13 15 58
13 10 5 4 0 36 31 28 23 20 15 58 54 50 49 44 41 72 70
49 50 54 66
66 69 70 72 41 36 0 4 5 10 13

54 50 49
49 50 54 66 69 70 72 41 36 0 4 5 10 13 15 58
66 69 70 72 41 36 0 4 5 10 13 15 58 54 50 49 20 23 28 31
20 15 13 10 5 4 0 36 31 28 44 41 72 50 54 66 63 58

49 50 54 66 69
66 69 70 72 41 36 0 4 5 10 13
50 49 20 15 13 10 5 4 0 36 31 28
10 5 4 0 36 31 28 23

49 50 54 66 69 70 72 41 36 0 4 5 10 13 15 20 23
70 69 66 54 50 49 20 15 58
72 41 36 0 4 5 10 13 15 58 54 50 49 20 23
5 4 0 36 31 28 23 10 13 15 58

70 69 66 54 50 49 20 15 13 10 5 4 0 36 31 28 44
0 36 31 5 4
66 69 70 72 41 36 0 4 5 10 13 15
41 36 0 4 5 10 13 15 58 54 50 72 70 69 66 63

13 10 5 4 0 36 31 28 23 20 15 58 54 50 49 44 41 72
41 36 0 4 5 10 13 15 58 54 50 72 70
0 36 31 5 10
70 69 66 54 50 49 20 15 13 10 5 4 0 36 31 28 44

4 5 10 13 15 58 54 50 49 20 23 28 31
20 15 13 10 5 4 0 36 31 28 23
36 0 4 5 10 13 15 58
10 5 4 0 36 31 28 23 20 15 58 54

28 23 10 5 4 0 36 41 44 49 50 54 66 63
49 50 54 66 69 70 72 41 36 0 4 5 10
4 5 10 13 15 58 54 50
72 41 36 0 4 5 10 13 15 58 54 50 49 20 23

28 23 10 5 4 0 36 41 44 49 50 54 66 63 58 15
10 5 4 0 36 31 28 23 20 15 58 54
5 4 0 36 31 28 23 10 13 15 58 54
20 15 13 10 5 4 0 36 31 28 23

0 36 31 5 10 13 15 58 54 50 49 20 23 28 44 41 72 70 69 66
54 50 49 20 15 13 10 5 4 0 36 31 28 44 41 72
13 10 5 4 0 36 31 28 23 20 15 58 54 50 49 44 41 72 70 69 66 63
72 41 36 0 4 5 10 13 15 58 54 50 49 20 23 28 44

50 49 20 15
5 4 0 36 31 28 23 10 13 15 58 54 50 49 44
13 10 5 4 0
54 50 49 20 15 13 10

36 0 4 5 10 13 15 58 54 50 49 20 23 28 44 41 72 70 69 66
0 36 31 5 10 13 15
72 41 36 0 4 5 10 13
50 49 20 15 13 10 5 4 0 36 31 28 44 41 72 70 69 66

66 69 70 72 41 36 0
54 50 49 20 15
20 15 13 10 5 4 0 36 31 28 44 41 72
10 5 4 0 36 31 28 23

20 15 13 10 5
13 10 5
50 49 20 15 13 10 5 4 0 36 31 28 44 41 72 70 69 66 54 58
5 4 0 36 31 28 23 10 13 15 58 54 50 49 44 41

70 69 66 54 50 49 20 15 13 10 5 4 0 36 31 28 23
66 69 70 72 41
36 0 4 5 10 13
49 50 54

41 36
28 23 10 5
5 4 0 36 31 28
20 15 13 10 5 4 0 36 31 28 44 41 72 50 49

72 41 36 0 4 5 10 13 15 58 54 50 49 20 23 28
28 23 10 5 4 0 36 41 44 49 50 54 66 63
50 49 20 15 13
49 50 54 66 69 70 72 41 36 0 4 5 10 13 15 20 23 28 44

54 50 49 20 15 13 10 5 4 0 36 31 28 44 41 72 70 69 66 63 58
50 49 20 15 13 10 5 4 0 36
66 69 70 72 41
70 69 66

13 10 5 4 0 36 31 28 23 20 15 58 54 50
41 36 0 4 5 10 13 15 58 54 50 72 70 69 66
0 36 31 5 10 13 15 58 54 50 49
49 50 54 66

66 69 70
5 4 0 36 31 28 23 10 13 15 58 54 50 49 44 41 72 70 69 66 63
10 5 4 0 36 31 28 23 20 15 58 54 50 49 44 41 72 70 69 66 63
13 10 5 4 0
