Text is being written
100 search attempts were made, on average the following data:
The search type was normal
Success,RRTs,Nodes,NodesRej,NodesWasted,Time,RRTsF,NodesF,NodesRejF,NodesWatedF,TimeF
0.12,2.75,8754.83333333333,28.1666666666667,0,2.75118193333333,5,20076.3295454545,71.3295454545455,0,5.01463108522727
--------------------------
--------------------------
5,20081,0,5.0573334,0
--------------------------------
5,20117,0,5.3623715,0
--------------------------------
5,20076,0,4.7693323,0
--------------------------------
5,20086,0,5.2831836,0
--------------------------------
5,20082,0,5.1324489,0
--------------------------------
5,20078,0,5.807956,0
--------------------------------
5,20080,0,5.4146101,0
--------------------------------
5,20070,0,5.2217338,0
--------------------------------
5,20060,0,5.4302063,0
--------------------------------
5,20077,0,6.5095743,0
--------------------------------
5,20085,0,5.6889507,0
--------------------------------
5,20069,0,6.0552704,0
--------------------------------
5,20075,0,4.4872281,0
--------------------------------
5,20081,0,5.1617179,0
--------------------------------
2,7624,0,2.1827522,1
--------------------------------
5,20072,0,4.7227415,0
--------------------------------
5,20071,0,4.8959028,0
--------------------------------
2,6603,0,1.9874481,1
--------------------------------
5,20065,0,4.7791125,0
--------------------------------
5,20073,0,4.6063891,0
--------------------------------
5,20092,0,5.0788599,0
--------------------------------
5,20076,0,5.6229034,0
--------------------------------
5,20065,0,4.6999519,0
--------------------------------
5,20077,0,5.0405938,0
--------------------------------
5,20069,0,4.2670794,0
--------------------------------
5,20075,0,5.3004696,0
--------------------------------
5,20078,0,4.8941613,0
--------------------------------
5,20074,0,5.3207315,0
--------------------------------
5,20066,0,4.4446147,0
--------------------------------
5,20071,0,4.5363224,0
--------------------------------
5,20074,0,5.0834146,0
--------------------------------
5,20078,0,4.6576578,0
--------------------------------
5,20081,0,4.9192703,0
--------------------------------
5,20076,0,5.2600966,0
--------------------------------
5,20063,0,4.9828871,0
--------------------------------
5,20071,0,4.2856867,0
--------------------------------
5,20079,0,4.2423093,0
--------------------------------
5,20089,0,4.7405157,0
--------------------------------
5,17251,0,5.2587115,1
--------------------------------
5,20078,0,5.3171728,0
--------------------------------
2,6100,0,1.9075993,1
--------------------------------
5,20093,0,5.2165604,0
--------------------------------
5,20093,0,4.6591567,0
--------------------------------
5,20073,0,5.3407813,0
--------------------------------
5,20086,0,4.9266354,0
--------------------------------
5,20073,0,5.3054588,0
--------------------------------
5,20070,0,5.740837,0
--------------------------------
5,20087,0,4.7482712,0
--------------------------------
5,20059,0,4.6690585,0
--------------------------------
5,20071,0,4.3562484,0
--------------------------------
5,20099,0,4.5392178,0
--------------------------------
2,4398,0,2.0008217,1
--------------------------------
5,20086,0,4.4720051,0
--------------------------------
1,830,0,0.5665099,1
--------------------------------
5,20074,0,4.6357188,0
--------------------------------
5,20072,0,5.4538947,0
--------------------------------
5,20076,0,4.270262,0
--------------------------------
5,20079,0,4.9614241,0
--------------------------------
5,20066,0,4.6823034,0
--------------------------------
5,20088,0,4.6442379,0
--------------------------------
5,20082,0,4.7619138,0
--------------------------------
5,20070,0,4.9135352,0
--------------------------------
5,20065,0,4.7123707,0
--------------------------------
5,20075,0,5.5800486,0
--------------------------------
4,13535,0,3.6714309,1
--------------------------------
5,20072,0,4.7458523,0
--------------------------------
5,20054,0,5.0559641,0
--------------------------------
5,20077,0,5.3293747,0
--------------------------------
5,20069,0,6.2412431,0
--------------------------------
5,20059,0,4.9167652,0
--------------------------------
5,20081,0,4.7269268,0
--------------------------------
5,20075,0,5.0548275,0
--------------------------------
5,20084,0,4.7731937,0
--------------------------------
5,20071,0,4.5463242,0
--------------------------------
5,20075,0,4.7766995,0
--------------------------------
5,20069,0,4.963695,0
--------------------------------
5,20078,0,5.2521899,0
--------------------------------
5,20076,0,4.5491492,0
--------------------------------
5,20084,0,4.8569575,0
--------------------------------
5,18401,0,4.4150613,1
--------------------------------
5,20077,0,5.1759255,0
--------------------------------
5,20080,0,5.0841739,0
--------------------------------
5,20097,0,4.7663603,0
--------------------------------
5,20057,0,5.3860744,0
--------------------------------
5,20082,0,5.6101793,0
--------------------------------
2,6003,0,2.5067931,1
--------------------------------
5,20067,0,5.2086674,0
--------------------------------
5,20093,0,4.7511224,0
--------------------------------
5,20069,0,6.9065931,0
--------------------------------
5,20049,0,4.861724,0
--------------------------------
5,20079,0,5.4552707,0
--------------------------------
5,16388,0,5.4260511,1
--------------------------------
5,20084,0,4.7156221,0
--------------------------------
5,20079,0,4.6491039,0
--------------------------------
5,20074,0,4.798659,0
--------------------------------
5,20073,0,4.6556158,0
--------------------------------
1,1912,0,1.2252596,1
--------------------------------
5,20083,0,4.526722,0
--------------------------------
2,6013,0,1.8657445,1
--------------------------------
5,20083,0,5.2758572,0
--------------------------------
