Text is being written
100 search attempts were made, on average the following data:
The search type was normal
Success,RRTs,Nodes,NodesRej,NodesWasted,Time,RRTsF,NodesF,NodesRejF,NodesWatedF,TimeF
0.16,2.875,8361.8125,65.5,0,9.96546383125,5,20173.7261904762,168.72619047619,0,19.9483360261905
--------------------------
--------------------------
5,20150,0,16.3393207,0
--------------------------------
5,20170,0,10.1258917,0
--------------------------------
5,20168,0,19.6163387,0
--------------------------------
5,20161,0,14.9736272,0
--------------------------------
5,20176,0,13.8480908,0
--------------------------------
5,20186,0,17.1017055,0
--------------------------------
5,20193,0,19.8646751,0
--------------------------------
5,20172,0,10.6397963,0
--------------------------------
5,20161,0,16.7621936,0
--------------------------------
5,20199,0,16.4817336,0
--------------------------------
1,2214,0,0.7600582,1
--------------------------------
5,20175,0,13.3270118,0
--------------------------------
5,20195,0,15.7022848,0
--------------------------------
5,20172,0,31.7631935,0
--------------------------------
5,20175,0,18.85404,0
--------------------------------
5,20158,0,15.028691,0
--------------------------------
5,20181,0,32.7917312,0
--------------------------------
5,20198,0,23.2701153,0
--------------------------------
5,20190,0,16.1698913,0
--------------------------------
3,10938,0,10.8034567,1
--------------------------------
5,20197,0,18.998266,0
--------------------------------
4,12235,0,13.9991052,1
--------------------------------
5,20162,0,22.1106052,0
--------------------------------
5,20173,0,19.662809,0
--------------------------------
5,20199,0,12.9466709,0
--------------------------------
2,4046,0,8.2249732,1
--------------------------------
5,20193,0,12.6059375,0
--------------------------------
5,20153,0,13.0332544,0
--------------------------------
5,20159,0,14.3931658,0
--------------------------------
5,20165,0,22.1323592,0
--------------------------------
5,20172,0,30.0131864,0
--------------------------------
5,20194,0,36.2340632,0
--------------------------------
5,20194,0,28.235666,0
--------------------------------
5,20152,0,27.1345226,0
--------------------------------
5,20158,0,16.3478569,0
--------------------------------
5,20164,0,17.4495735,0
--------------------------------
5,16179,0,15.6818407,1
--------------------------------
5,20181,0,18.7939606,0
--------------------------------
5,20157,0,17.2985551,0
--------------------------------
5,20178,0,11.5907102,0
--------------------------------
5,20150,0,10.9239897,0
--------------------------------
5,20161,0,31.1878505,0
--------------------------------
5,20181,0,11.6415262,0
--------------------------------
5,20178,0,18.1483079,0
--------------------------------
5,20181,0,26.1909666,0
--------------------------------
5,20193,0,12.0173717,0
--------------------------------
5,20188,0,29.9440315,0
--------------------------------
4,12144,0,16.8494008,1
--------------------------------
5,20149,0,29.7667187,0
--------------------------------
5,20173,0,11.9754457,0
--------------------------------
2,4099,0,7.5820354,1
--------------------------------
5,20211,0,43.7780838,0
--------------------------------
5,20147,0,32.5103617,0
--------------------------------
4,14769,0,22.8203633,1
--------------------------------
1,116,0,3.968937,1
--------------------------------
5,20179,0,31.8243269,0
--------------------------------
5,20206,0,17.9794666,0
--------------------------------
5,20181,0,8.3695556,0
--------------------------------
5,20172,0,25.585595,0
--------------------------------
5,17111,0,18.1092745,1
--------------------------------
5,20180,0,9.3086932,0
--------------------------------
5,20180,0,15.2148051,0
--------------------------------
5,20151,0,19.2665503,0
--------------------------------
2,4329,0,7.0606361,1
--------------------------------
5,20191,0,19.7164605,0
--------------------------------
5,20154,0,18.2990201,0
--------------------------------
5,20151,0,32.7914918,0
--------------------------------
5,20192,0,24.000136,0
--------------------------------
5,20179,0,15.7760204,0
--------------------------------
5,20156,0,11.2724107,0
--------------------------------
5,20179,0,19.0189132,0
--------------------------------
5,20164,0,16.6963423,0
--------------------------------
5,20161,0,11.4519771,0
--------------------------------
5,20211,0,20.9555725,0
--------------------------------
5,20174,0,31.794567,0
--------------------------------
5,20136,0,13.4809174,0
--------------------------------
5,20156,0,19.8601512,0
--------------------------------
4,12135,0,9.4017062,1
--------------------------------
5,20185,0,23.029525,0
--------------------------------
5,18196,0,15.5685211,1
--------------------------------
5,20179,0,32.9280374,0
--------------------------------
5,20174,0,30.2214098,0
--------------------------------
5,20146,0,9.5665474,0
--------------------------------
5,20178,0,15.1558085,0
--------------------------------
5,20185,0,16.7719788,0
--------------------------------
5,20145,0,24.6469264,0
--------------------------------
2,4206,0,5.2191184,1
--------------------------------
5,20160,0,16.1595853,0
--------------------------------
1,163,0,2.1122517,1
--------------------------------
5,20193,0,15.4000825,0
--------------------------------
5,20202,0,14.6703366,0
--------------------------------
5,20184,0,32.4016825,0
--------------------------------
5,20161,0,30.8408891,0
--------------------------------
5,20166,0,20.7593594,0
--------------------------------
5,20186,0,21.6040763,0
--------------------------------
5,20166,0,29.6259881,0
--------------------------------
1,909,0,1.2857428,1
--------------------------------
5,20152,0,12.2222864,0
--------------------------------
5,20172,0,13.8859555,0
--------------------------------
5,20163,0,13.3806297,0
--------------------------------
