Text is being written
100 search attempts were made, on average the following data:
The search type was normal
Success,RRTs,Nodes,NodesRej,NodesWasted,Time,RRTsF,NodesF,NodesRejF,NodesWatedF,TimeF
0.53,2.69811320754717,7572.07547169811,27.9245283018868,0,30.0186944584906,5,20085.085106383,80.0851063829787,0,54.1619326340426
--------------------------
--------------------------
3,9412,0,37.3113682,1
--------------------------------
3,8757,0,23.4536873,1
--------------------------------
4,12056,0,34.962639,1
--------------------------------
5,20079,0,43.0793589,0
--------------------------------
5,16124,0,50.4711636,1
--------------------------------
5,20098,0,65.1363197,0
--------------------------------
1,136,0,9.3018259,1
--------------------------------
5,20079,0,50.6583148,0
--------------------------------
5,20076,0,65.4517376,0
--------------------------------
5,20081,0,48.6689637,0
--------------------------------
4,12582,0,36.0640989,1
--------------------------------
1,283,0,11.4338867,1
--------------------------------
5,20084,0,59.8276222,0
--------------------------------
5,20081,0,51.7629351,0
--------------------------------
5,20083,0,56.098545,0
--------------------------------
3,8236,0,38.9145639,1
--------------------------------
5,20085,0,43.8920702,0
--------------------------------
4,13280,0,74.2520776,1
--------------------------------
2,4134,0,38.6982216,1
--------------------------------
1,25,0,10.1158034,1
--------------------------------
1,3166,0,9.3330599,1
--------------------------------
5,20085,0,58.03162,0
--------------------------------
5,20088,0,74.7261335,0
--------------------------------
5,20095,0,50.4102427,0
--------------------------------
1,98,0,7.8533893,1
--------------------------------
5,20094,0,50.0388555,0
--------------------------------
4,14854,0,50.4649552,1
--------------------------------
4,13155,0,36.8692175,1
--------------------------------
1,998,0,5.564955,1
--------------------------------
5,16750,0,48.8765617,1
--------------------------------
5,20088,0,45.6842293,0
--------------------------------
1,114,0,4.9763547,1
--------------------------------
5,20090,0,49.5501654,0
--------------------------------
5,16079,0,50.9615234,1
--------------------------------
5,20077,0,52.0632917,0
--------------------------------
1,2420,0,8.2379071,1
--------------------------------
5,16286,0,43.91068,1
--------------------------------
4,12082,0,37.8134667,1
--------------------------------
2,7263,0,16.0580453,1
--------------------------------
2,4069,0,19.2466815,1
--------------------------------
5,20098,0,60.4838155,0
--------------------------------
2,4109,0,32.4870471,1
--------------------------------
5,20083,0,66.1859352,0
--------------------------------
3,8235,0,31.9108052,1
--------------------------------
5,20081,0,77.0512885,0
--------------------------------
5,20087,0,59.1177396,0
--------------------------------
5,20070,0,85.7714266,0
--------------------------------
2,4124,0,17.7470959,1
--------------------------------
3,8061,0,19.5881076,1
--------------------------------
5,20071,0,48.1850261,0
--------------------------------
5,20089,0,59.5770462,0
--------------------------------
5,16139,0,74.4415569,1
--------------------------------
3,8244,0,30.1690138,1
--------------------------------
5,20083,0,51.7198647,0
--------------------------------
5,20096,0,56.7946305,0
--------------------------------
5,20091,0,45.2603487,0
--------------------------------
1,91,0,9.6483596,1
--------------------------------
5,20075,0,39.7976682,0
--------------------------------
4,12278,0,63.4531405,1
--------------------------------
5,20082,0,66.3445956,0
--------------------------------
5,20095,0,55.5016608,0
--------------------------------
2,4062,0,24.8979389,1
--------------------------------
2,4656,0,31.470251,1
--------------------------------
1,25,0,14.8012699,1
--------------------------------
2,4058,0,25.9033374,1
--------------------------------
5,20090,0,54.2348107,0
--------------------------------
5,20089,0,44.9248758,0
--------------------------------
5,20086,0,49.5743483,0
--------------------------------
5,20069,0,55.0040292,0
--------------------------------
1,454,0,7.720528,1
--------------------------------
1,3879,0,5.2470398,1
--------------------------------
4,15096,0,39.8874188,1
--------------------------------
5,20103,0,34.0807175,0
--------------------------------
3,8400,0,23.5480988,1
--------------------------------
1,128,0,4.3841986,1
--------------------------------
5,20096,0,75.9876172,0
--------------------------------
1,1757,0,5.4872802,1
--------------------------------
5,20074,0,49.8764175,0
--------------------------------
5,20079,0,34.7838485,0
--------------------------------
3,11507,0,38.8647466,1
--------------------------------
5,20097,0,43.8340973,0
--------------------------------
2,4052,0,18.158218,1
--------------------------------
5,20078,0,55.1055563,0
--------------------------------
5,17951,0,54.9177418,1
--------------------------------
3,8265,0,25.2160164,1
--------------------------------
1,751,0,24.0016375,1
--------------------------------
5,20082,0,60.7804858,0
--------------------------------
1,180,0,14.2029098,1
--------------------------------
5,16586,0,65.6469319,1
--------------------------------
5,20098,0,45.3225507,0
--------------------------------
5,20082,0,42.3977433,0
--------------------------------
4,12105,0,37.9157139,1
--------------------------------
5,20088,0,57.1192573,0
--------------------------------
5,20075,0,60.0821089,0
--------------------------------
5,17269,0,85.9043523,1
--------------------------------
5,20077,0,60.0860133,0
--------------------------------
5,20084,0,46.5295716,0
--------------------------------
5,20088,0,39.0153331,0
--------------------------------
3,8060,0,35.6437792,1
--------------------------------
3,8439,0,22.5801375,1
--------------------------------
