Text is being written
100 search attempts were made, on average the following data:

Success,RRTs,Nodes,NodesRej,NodesWasted,Time,RRTsF,NodesF,NodesRejF,NodesWatedF,TimeF
0.87,2.17241379310345,5417.03448275862,17.448275862069,0,2.6164882137931,5,20078.9230769231,73.9230769230769,0,7.66614026153846
--------------------------
--------------------------
1,123,0,0.611148,1
--------------------------------
5,20072,0,7.6737957,0
--------------------------------
3,8106,0,3.0290078,1
--------------------------------
5,20091,0,8.0641684,0
--------------------------------
5,20085,0,7.523955,0
--------------------------------
5,16446,0,7.7612063,1
--------------------------------
2,4503,0,2.890298,1
--------------------------------
1,1870,0,1.5399456,1
--------------------------------
5,20087,0,7.4273627,0
--------------------------------
2,4344,0,2.5745308,1
--------------------------------
2,6872,0,3.1348608,1
--------------------------------
1,130,0,0.4045538,1
--------------------------------
1,3450,0,1.2446624,1
--------------------------------
5,16530,0,7.0262898,1
--------------------------------
1,101,0,0.5766452,1
--------------------------------
4,12591,0,5.3437344,1
--------------------------------
2,4138,0,1.6556719,1
--------------------------------
1,306,0,0.7118951,1
--------------------------------
3,11118,0,4.3040512,1
--------------------------------
5,20070,0,7.3626279,0
--------------------------------
3,10195,0,4.8654434,1
--------------------------------
2,6222,0,2.5863617,1
--------------------------------
3,8329,0,3.4525396,1
--------------------------------
1,533,0,0.457485,1
--------------------------------
2,4097,0,2.3138559,1
--------------------------------
1,70,0,0.3143631,1
--------------------------------
1,186,0,0.4553339,1
--------------------------------
1,1402,0,0.8397055,1
--------------------------------
1,811,0,0.9779591,1
--------------------------------
1,186,0,0.7284351,1
--------------------------------
4,14803,0,6.1177751,1
--------------------------------
2,4140,0,2.3443851,1
--------------------------------
4,12282,0,5.1741967,1
--------------------------------
3,8766,0,4.3869747,1
--------------------------------
1,409,0,0.9200731,1
--------------------------------
2,4227,0,2.2144365,1
--------------------------------
3,8171,0,5.1414373,1
--------------------------------
5,16332,0,6.7268371,1
--------------------------------
1,206,0,0.696456,1
--------------------------------
3,9889,0,4.1355189,1
--------------------------------
2,4494,0,2.3002262,1
--------------------------------
3,8377,0,4.1845224,1
--------------------------------
5,16177,0,6.0006598,1
--------------------------------
1,134,0,0.3609765,1
--------------------------------
1,1326,0,1.0664759,1
--------------------------------
3,8179,0,3.6650672,1
--------------------------------
5,20071,0,8.1571707,0
--------------------------------
5,20079,0,7.7285114,0
--------------------------------
1,639,0,0.9125969,1
--------------------------------
1,1864,0,2.0161561,1
--------------------------------
1,3796,0,1.5671309,1
--------------------------------
3,9333,0,4.0276192,1
--------------------------------
1,97,0,0.2146017,1
--------------------------------
5,20102,0,7.7972439,0
--------------------------------
5,20067,0,7.224496,0
--------------------------------
4,12236,0,4.5540145,1
--------------------------------
1,306,0,0.4076992,1
--------------------------------
1,386,0,1.3222276,1
--------------------------------
1,810,0,0.7615626,1
--------------------------------
1,76,0,0.2296108,1
--------------------------------
2,4429,0,2.1268825,1
--------------------------------
2,4410,0,2.6301856,1
--------------------------------
3,8276,0,3.6716856,1
--------------------------------
3,8162,0,3.458283,1
--------------------------------
4,12080,0,4.9934941,1
--------------------------------
2,4825,0,2.5450951,1
--------------------------------
3,8107,0,3.6007863,1
--------------------------------
4,15104,0,6.5323279,1
--------------------------------
1,127,0,0.4762378,1
--------------------------------
4,12116,0,5.0083219,1
--------------------------------
2,7354,0,2.6471215,1
--------------------------------
4,12124,0,5.3787705,1
--------------------------------
2,4172,0,2.0492053,1
--------------------------------
5,16223,0,6.9616011,1
--------------------------------
5,16163,0,6.6361088,1
--------------------------------
1,2177,0,1.3261198,1
--------------------------------
5,18689,0,7.2447311,1
--------------------------------
2,4107,0,1.868792,1
--------------------------------
1,114,0,0.7103927,1
--------------------------------
1,72,0,0.4964267,1
--------------------------------
1,513,0,0.8829708,1
--------------------------------
1,1184,0,1.1083655,1
--------------------------------
1,999,0,1.1384025,1
--------------------------------
2,4335,0,2.2068012,1
--------------------------------
1,8,0,0.1047708,1
--------------------------------
2,4185,0,1.835521,1
--------------------------------
1,178,0,0.6918524,1
--------------------------------
5,20073,0,8.5129948,0
--------------------------------
1,122,0,0.4507729,1
--------------------------------
1,78,0,0.3965834,1
--------------------------------
1,175,0,0.6938562,1
--------------------------------
1,1649,0,3.0080197,1
--------------------------------
4,12407,0,5.4042662,1
--------------------------------
3,8322,0,3.3051692,1
--------------------------------
1,39,0,0.2356292,1
--------------------------------
5,20086,0,7.3444278,0
--------------------------------
5,20077,0,7.725868,0
--------------------------------
5,20066,0,7.1172011,0
--------------------------------
2,4035,0,1.9901985,1
--------------------------------
2,4108,0,2.5695044,1
--------------------------------
