Text is being written
100 search attempts were made, on average the following data:
The search type was normal
Success,RRTs,Nodes,NodesRej,NodesWasted,Time,RRTsF,NodesF,NodesRejF,NodesWatedF,TimeF
0.38,1,618.631578947368,1.57894736842105,0,0.808094952631579,1,4015.87096774194,14.8709677419355,0,1.59807535967742
--------------------------
--------------------------
1,4013,0,1.4531176,0
--------------------------------
1,1934,0,1.3421999,1
--------------------------------
1,4009,0,1.4320059,0
--------------------------------
1,4029,0,1.6044172,0
--------------------------------
1,4009,0,1.533589,0
--------------------------------
1,4008,0,1.5120656,0
--------------------------------
1,175,0,1.1482305,1
--------------------------------
1,1025,0,0.6938569,1
--------------------------------
1,84,0,0.8493356,1
--------------------------------
1,1659,0,1.1551073,1
--------------------------------
1,2715,0,1.5614211,1
--------------------------------
1,74,0,0.8937464,1
--------------------------------
1,4020,0,1.3332392,0
--------------------------------
1,515,0,1.0574456,1
--------------------------------
1,4025,0,1.4743913,0
--------------------------------
1,4014,0,1.5800404,0
--------------------------------
1,4015,0,2.0482166,0
--------------------------------
1,24,0,0.409592,1
--------------------------------
1,454,0,0.8418132,1
--------------------------------
1,4011,0,1.6634383,0
--------------------------------
1,4009,0,1.6265818,0
--------------------------------
1,4014,0,1.5275465,0
--------------------------------
1,4015,0,1.3984011,0
--------------------------------
1,4009,0,1.347828,0
--------------------------------
1,82,0,0.4752964,1
--------------------------------
1,4016,0,2.2297835,0
--------------------------------
1,4011,0,1.3839122,0
--------------------------------
1,2194,0,1.415847,1
--------------------------------
1,1570,0,1.1250707,1
--------------------------------
1,170,0,0.8051365,1
--------------------------------
1,4015,0,1.7212265,0
--------------------------------
1,238,0,0.3865749,1
--------------------------------
1,4014,0,1.4973483,0
--------------------------------
1,4010,0,1.5347824,0
--------------------------------
1,4015,0,1.5793205,0
--------------------------------
1,109,0,0.5965871,1
--------------------------------
1,4012,0,1.3440698,0
--------------------------------
1,83,0,0.1326595,1
--------------------------------
1,4016,0,1.6830714,0
--------------------------------
1,4012,0,1.5083192,0
--------------------------------
1,4018,0,1.7206078,0
--------------------------------
1,4009,0,1.4429381,0
--------------------------------
1,4008,0,1.3403219,0
--------------------------------
1,4019,0,1.7633508,0
--------------------------------
1,4029,0,1.6147335,0
--------------------------------
1,4024,0,1.6820888,0
--------------------------------
1,4021,0,1.5227268,0
--------------------------------
1,4012,0,1.472154,0
--------------------------------
1,4016,0,1.61505,0
--------------------------------
1,4024,0,1.3514302,0
--------------------------------
1,4023,0,1.5923718,0
--------------------------------
1,4012,0,1.5082915,0
--------------------------------
1,4018,0,1.6178225,0
--------------------------------
1,4015,0,1.5482035,0
--------------------------------
1,190,0,0.7364802,1
--------------------------------
1,4020,0,1.4543158,0
--------------------------------
1,610,0,0.8400406,1
--------------------------------
1,4007,0,1.7547818,0
--------------------------------
1,185,0,0.3925953,1
--------------------------------
1,4016,0,1.5662309,0
--------------------------------
1,4018,0,2.3543853,0
--------------------------------
1,66,0,0.3955519,1
--------------------------------
1,4014,0,1.5685555,0
--------------------------------
1,4010,0,1.6170423,0
--------------------------------
1,258,0,0.3313646,1
--------------------------------
1,4024,0,1.5497684,0
--------------------------------
1,4016,0,1.5109132,0
--------------------------------
1,811,0,1.0649881,1
--------------------------------
1,4020,0,1.7372862,0
--------------------------------
1,237,0,0.8522532,1
--------------------------------
1,4029,0,1.8875254,0
--------------------------------
1,4012,0,2.0579469,0
--------------------------------
1,56,0,0.4251329,1
--------------------------------
1,1817,0,1.3253308,1
--------------------------------
1,321,0,0.7501631,1
--------------------------------
1,55,0,0.2482104,1
--------------------------------
1,4015,0,1.4163412,0
--------------------------------
1,4017,0,1.765228,0
--------------------------------
1,1400,0,0.9746651,1
--------------------------------
1,4012,0,1.5511297,0
--------------------------------
1,4023,0,1.6604351,0
--------------------------------
1,153,0,0.6372991,1
--------------------------------
1,52,0,0.2837604,1
--------------------------------
1,4012,0,2.0915809,0
--------------------------------
1,4011,0,1.7046449,0
--------------------------------
1,4013,0,1.3865267,0
--------------------------------
1,1009,0,1.0188425,1
--------------------------------
1,4014,0,1.5356974,0
--------------------------------
1,125,0,0.682312,1
--------------------------------
1,4023,0,1.3065302,0
--------------------------------
1,4022,0,1.4034472,0
--------------------------------
1,4021,0,1.2626562,0
--------------------------------
1,4013,0,1.6895859,0
--------------------------------
1,192,0,0.402573,1
--------------------------------
1,4017,0,1.5257351,0
--------------------------------
1,1322,0,1.0114351,1
--------------------------------
1,925,0,1.0912921,1
--------------------------------
1,212,0,1.5351226,1
--------------------------------
1,407,0,0.8182746,1
--------------------------------
1,4016,0,1.9135786,0
--------------------------------
