Text is being written
100 search attempts were made, on average the following data:
The search type was normal
Success,RRTs,Nodes,NodesRej,NodesWasted,Time,RRTsF,NodesF,NodesRejF,NodesWatedF,TimeF
0.7,2.48571428571429,6564.72857142857,23.5428571428571,0,24.9898552828571,5,20080.5666666667,75.5666666666667,0,54.5006605433333
--------------------------
--------------------------
3,8199,0,38.6984847,1
--------------------------------
1,139,0,6.6474115,1
--------------------------------
5,20091,0,57.0529597,0
--------------------------------
1,127,0,6.4353619,1
--------------------------------
4,12248,0,40.9324538,1
--------------------------------
5,16115,0,69.1328949,1
--------------------------------
5,20062,0,51.9922564,0
--------------------------------
2,4292,0,10.7574406,1
--------------------------------
5,20081,0,58.2134615,0
--------------------------------
5,20074,0,43.5440688,0
--------------------------------
5,20082,0,49.542974,0
--------------------------------
5,20085,0,68.8063378,0
--------------------------------
5,20077,0,44.4218204,0
--------------------------------
3,8536,0,35.6621287,1
--------------------------------
5,20072,0,52.8768062,0
--------------------------------
5,20080,0,51.4759095,0
--------------------------------
5,20090,0,50.7020154,0
--------------------------------
1,261,0,12.3910865,1
--------------------------------
4,12600,0,38.4387828,1
--------------------------------
1,314,0,11.7658254,1
--------------------------------
1,44,0,10.3192338,1
--------------------------------
2,4652,0,19.5771916,1
--------------------------------
1,1742,0,7.3965822,1
--------------------------------
2,4056,0,15.5302207,1
--------------------------------
5,20083,0,74.603458,0
--------------------------------
2,4128,0,38.6185139,1
--------------------------------
3,8099,0,19.6259995,1
--------------------------------
5,20065,0,58.17543,0
--------------------------------
5,20079,0,56.4472659,0
--------------------------------
5,20083,0,43.9376395,0
--------------------------------
1,455,0,6.1842474,1
--------------------------------
5,20091,0,33.7141371,0
--------------------------------
3,9631,0,44.5910073,1
--------------------------------
2,7618,0,19.6436177,1
--------------------------------
5,20082,0,93.4290136,0
--------------------------------
3,10758,0,34.8795938,1
--------------------------------
1,3601,0,5.8766039,1
--------------------------------
1,44,0,7.7679073,1
--------------------------------
2,4639,0,14.3418574,1
--------------------------------
5,20074,0,41.2433372,0
--------------------------------
4,12650,0,33.55526,1
--------------------------------
1,1637,0,17.4436728,1
--------------------------------
4,12084,0,37.6302749,1
--------------------------------
3,8196,0,31.5655914,1
--------------------------------
4,14427,0,31.9202318,1
--------------------------------
3,8202,0,42.237392,1
--------------------------------
1,406,0,11.8745655,1
--------------------------------
2,4062,0,19.1599184,1
--------------------------------
5,20086,0,65.8261004,0
--------------------------------
4,12492,0,33.2333849,1
--------------------------------
5,20092,0,39.2700909,0
--------------------------------
1,64,0,6.4181582,1
--------------------------------
5,20096,0,38.756074,0
--------------------------------
5,20072,0,46.3686746,0
--------------------------------
2,4139,0,21.0593897,1
--------------------------------
1,48,0,8.3124886,1
--------------------------------
2,4320,0,20.1032846,1
--------------------------------
5,20072,0,79.1849317,0
--------------------------------
2,4259,0,15.6364098,1
--------------------------------
1,225,0,6.8120402,1
--------------------------------
1,298,0,8.2843324,1
--------------------------------
2,4098,0,14.1093488,1
--------------------------------
5,16658,0,42.7162143,1
--------------------------------
5,20075,0,67.9429175,0
--------------------------------
2,4058,0,25.5639203,1
--------------------------------
5,20096,0,46.1079847,0
--------------------------------
5,20090,0,54.3543225,0
--------------------------------
2,5538,0,29.4354643,1
--------------------------------
4,13591,0,37.9027709,1
--------------------------------
3,8362,0,37.0558883,1
--------------------------------
5,20075,0,51.369285,0
--------------------------------
3,8140,0,27.7691162,1
--------------------------------
4,12173,0,48.1329715,1
--------------------------------
3,8621,0,20.7813288,1
--------------------------------
1,1193,0,8.0553221,1
--------------------------------
3,8072,0,23.1040756,1
--------------------------------
2,5560,0,25.1096858,1
--------------------------------
3,8129,0,24.4751968,1
--------------------------------
5,20079,0,63.605192,0
--------------------------------
5,16133,0,61.6675778,1
--------------------------------
3,8056,0,42.1287341,1
--------------------------------
2,5610,0,14.1539663,1
--------------------------------
2,4158,0,27.7924186,1
--------------------------------
4,12061,0,51.2219517,1
--------------------------------
2,4027,0,7.4645989,1
--------------------------------
5,20075,0,42.3205343,0
--------------------------------
1,571,0,7.761266,1
--------------------------------
5,20086,0,56.7993946,0
--------------------------------
4,15356,0,34.3168848,1
--------------------------------
1,1851,0,5.5010828,1
--------------------------------
4,12133,0,30.9754414,1
--------------------------------
4,12132,0,45.5899244,1
--------------------------------
5,16162,0,42.6905811,1
--------------------------------
1,499,0,13.2364119,1
--------------------------------
1,111,0,7.44601,1
--------------------------------
5,16116,0,58.7814216,1
--------------------------------
5,20072,0,52.9354231,0
--------------------------------
4,12209,0,44.522372,1
--------------------------------
1,173,0,10.2004825,1
--------------------------------
3,8173,0,19.1665977,1
--------------------------------
