(-1.4, 1.0, -2.8);95

(-1.4, 1.0, -2.7);95

(-1.4, 1.0, -2.6);95

(1.6, 1.0, -2.6);130

(1.6, 1.0, -2.5);130

(1.6, 1.0, -2.4);130

(1.9, 1.0, -2.6);130

(1.9, 1.0, -2.5);130

(1.9, 1.0, -2.4);130

(-2.4, 1.0, -1.5);38

(-2.5, 1.0, 1.4);24

(-1.6, 1.0, 1.0);74

(-1.6, 1.0, 1.1);74

(4.0, 1.0, -1.5);172

(2.8, 1.0, -1.6);180

(5.8, 1.0, 0.2);192

(5.9, 1.0, 0.1);192

(5.9, 1.0, 0.2);192

(5.9, 1.0, 0.3);192

(6.0, 1.0, 0.2);192

(2.9, 1.0, -1.0);181

(2.8, 1.0, 0.2);203

(2.8, 1.0, 0.3);203

(2.8, 1.0, 0.4);203

(2.9, 1.0, 0.3);203

(5.1, 1.0, -0.5);66

(5.1, 1.0, -0.4);192

(-3.0, 1.0, -1.8);42

(-1.1, 1.0, 2.2);20

(-1.1, 1.0, 2.3);20

(-1.1, 1.0, 2.4);20

(-0.1, 1.0, 0.8);68

(2.8, 1.0, -1.5);180

(3.7, 1.0, 0.4);203

(3.8, 1.0, 0.3);203

(3.8, 1.0, 0.4);203

(3.8, 1.0, 0.5);203

(3.9, 1.0, 0.4);203

(4.0, 1.0, -2.2);224

(4.1, 1.0, -2.3);224

(4.1, 1.0, -2.2);224

(4.1, 1.0, -2.1);224

(4.2, 1.0, -2.2);224

(-2.9, 1.0, -2.2);79

(-2.8, 1.0, -2.3);79

(-2.8, 1.0, -2.2);79

(-2.8, 1.0, -2.1);79

(-2.7, 1.0, -2.2);79

(4.5, 1.0, -1.6);166

(5.1, 1.0, 0.2);192

(5.2, 1.0, 0.1);192

(5.2, 1.0, 0.2);192

(5.2, 1.0, 0.3);192

(5.3, 1.0, 0.2);192

(4.5, 1.0, -1.3);172

(-2.9, 1.0, 3.2);25

(-2.8, 1.0, 3.1);25

(-2.8, 1.0, 3.2);25

(-2.8, 1.0, 3.3);25

(-2.7, 1.0, 3.2);25

(-2.8, 1.0, 2.1);23

(-2.8, 1.0, 2.2);25

(-1.7, 1.0, 2.4);21

(-1.7, 1.0, 2.5);21

(-2.6, 1.0, 1.7);24

(-4.7, 1.0, -3.0);100

(-4.6, 1.0, -3.1);100

(-4.6, 1.0, -3.0);100

(-4.6, 1.0, -2.9);100

(-4.5, 1.0, -3.0);100

(3.8, 1.0, -0.5);66

(3.8, 1.0, -0.4);203

(3.2, 1.0, -1.5);178

(0.1, 1.0, 0.4);68

(0.2, 1.0, 0.3);68

(0.2, 1.0, 0.4);68

(0.2, 1.0, 0.5);68

(0.3, 1.0, 0.4);68

(6.3, 1.0, -0.4);192

(6.4, 1.0, -0.4);192

(6.4, 1.0, -0.3);192

(6.5, 1.0, -0.4);192

(0.2, 1.0, 0.3);68

(0.3, 1.0, 0.2);68

(0.3, 1.0, 0.3);68

(0.3, 1.0, 0.4);68

(0.4, 1.0, 0.3);68

(0.2, 1.0, 0.9);68

(-2.6, 1.0, 1.4);24

(3.5, 1.0, 0.7);181

(1.6, 1.0, -0.3);66

(1.6, 1.0, -0.2);66

(1.6, 1.0, -0.1);66

(-2.5, 1.0, -3.1);79

(-2.4, 1.0, -3.1);79

(-2.4, 1.0, -3.0);79

(-2.3, 1.0, -3.1);79

(-1.6, 1.0, -0.3);67

(-1.6, 1.0, -0.2);67

(1.5, 1.0, -2.7);130

(1.5, 1.0, -2.6);130

(1.5, 1.0, -2.5);130

(1.7, 1.0, -3.1);130

(1.7, 1.0, -3.0);130

(1.7, 1.0, -2.9);130

(2.9, 1.0, 2.4);224

(3.0, 1.0, 2.3);224

(3.0, 1.0, 2.4);224

(3.0, 1.0, 2.5);224

(3.1, 1.0, 2.4);224

(2.3, 1.0, -2.7);177

(2.4, 1.0, -2.8);177

(2.4, 1.0, -2.7);177

(2.4, 1.0, -2.6);177

(2.5, 1.0, -2.7);177

(0.6, 1.0, 2.2);38

(0.6, 1.0, 2.3);38

(0.6, 1.0, 2.4);38

(-2.3, 1.0, -0.1);67

(-2.2, 1.0, -0.2);67

(-2.2, 1.0, -0.1);67

(-2.2, 1.0, 0.0);67

(-2.1, 1.0, -0.1);67

(3.0, 1.0, 1.1);182

(3.1, 1.0, 1.1);182

(3.2, 1.0, 1.1);182

(6.3, 1.0, 0.5);192

(6.4, 1.0, 0.4);192

(6.4, 1.0, 0.5);192

(6.4, 1.0, 0.6);192

(6.5, 1.0, 0.5);192

(-2.9, 1.0, 0.3);67

(-2.9, 1.0, 0.4);67

(-2.9, 1.0, 0.5);67

(-2.8, 1.0, 0.4);67

(1.1, 1.0, -3.1);130

(1.1, 1.0, -3.0);130

(-2.7, 1.0, 2.0);23

(4.0, 1.0, -2.1);224

(4.0, 1.0, -2.0);224

(4.1, 1.0, -2.0);224

(3.7, 1.0, -1.9);157

(-2.0, 1.0, -3.1);88

(-2.0, 1.0, -3.0);88

(2.5, 1.0, -2.4);177

(2.6, 1.0, -2.5);177

(2.6, 1.0, -2.4);177

(2.6, 1.0, -2.3);177

(2.7, 1.0, -2.4);177

(4.4, 1.0, -3.0);224

(4.5, 1.0, -3.1);224

(4.5, 1.0, -3.0);224

(4.5, 1.0, -2.9);224

(4.6, 1.0, -3.0);224

(-0.5, 1.0, -3.0);150

(-0.4, 1.0, -3.1);150

(-0.4, 1.0, -3.0);150

(-0.4, 1.0, -2.9);150

(-0.3, 1.0, -3.0);150

(-1.0, 1.0, -3.1);130

(-1.0, 1.0, -3.0);130

(-2.5, 1.0, 1.3);24

(2.2, 1.0, -2.7);177

(2.3, 1.0, -2.8);177

(2.3, 1.0, -2.7);177

(2.3, 1.0, -2.6);177

(2.4, 1.0, -2.7);177

(3.4, 1.0, -3.0);177

(3.5, 1.0, -3.1);177

(3.5, 1.0, -3.0);177

(-2.9, 1.0, -2.5);79

(-2.8, 1.0, -2.6);79

(-2.8, 1.0, -2.5);79

(-2.8, 1.0, -2.4);79

(-2.7, 1.0, -2.5);79

(0.8, 1.0, -3.1);130

(0.8, 1.0, -3.0);130

(0.8, 1.0, -2.9);130

(0.3, 1.0, -2.5);150

(0.4, 1.0, -2.6);150

(0.4, 1.0, -2.5);150

(0.4, 1.0, -2.4);150

(0.5, 1.0, -2.5);150

(-1.7, 1.0, 2.3);21

(-1.7, 1.0, 2.4);21

(-1.7, 1.0, 2.5);21

(-2.8, 1.0, -1.9);41

(-2.9, 1.0, -0.3);67

(-2.9, 1.0, -0.2);67

(-2.9, 1.0, -0.1);67

(-2.8, 1.0, -0.2);67

(2.9, 1.0, -2.9);177

(3.0, 1.0, -3.0);177

(3.0, 1.0, -2.9);177

(3.0, 1.0, -2.8);177

(3.1, 1.0, -2.9);177

(-3.4, 1.0, 1.8);24

(-2.9, 1.0, 0.5);67

(-2.9, 1.0, 0.6);67

(-2.8, 1.0, 0.6);67

(-3.7, 1.0, -1.7);88

(6.0, 1.0, 0.7);73

(5.5, 1.0, -0.2);192

(5.6, 1.0, -0.3);192

(5.6, 1.0, -0.2);192

(5.6, 1.0, -0.1);192

(5.7, 1.0, -0.2);192

(-2.4, 1.0, -1.9);39

(3.2, 1.0, 1.4);182

(-1.2, 1.0, 0.4);67

(-1.2, 1.0, 0.5);67

(-1.2, 1.0, 0.6);67

(0.9, 1.0, -2.4);130

(1.0, 1.0, -2.5);130

(1.0, 1.0, -2.4);130

(3.5, 1.0, -0.6);66

(3.3, 1.0, -2.5);177

(3.4, 1.0, -2.6);177

(3.4, 1.0, -2.5);177

(3.4, 1.0, -2.4);177

(3.5, 1.0, -2.5);177

(-2.9, 1.0, -0.2);67

(-2.9, 1.0, -0.1);67

(-2.9, 1.0, 0.0);67

(-2.8, 1.0, -0.1);67

(1.5, 1.0, -0.2);66

(1.5, 1.0, -0.1);66

(1.5, 1.0, 0.0);66

(-2.9, 1.0, -1.3);41

(3.1, 1.0, -2.6);177

(3.2, 1.0, -2.7);177

(3.2, 1.0, -2.6);177

(3.2, 1.0, -2.5);177

(3.3, 1.0, -2.6);177

(1.1, 1.0, 2.0);18

(-4.8, 1.0, -2.9);100

(-4.7, 1.0, -3.0);100

(-4.7, 1.0, -2.9);100

(-4.7, 1.0, -2.8);100

(-4.6, 1.0, -2.9);100

(-2.8, 1.0, 1.3);24

(0.3, 1.0, -0.9);151

(0.4, 1.0, -1.2);150

(-1.1, 1.0, 0.1);66

(-1.1, 1.0, 0.2);66

(-1.1, 1.0, 0.3);66

(6.1, 1.0, -0.8);66

(5.2, 1.0, -0.6);66

(-2.6, 1.0, 2.5);25

(-2.5, 1.0, 2.4);25

(-2.5, 1.0, 2.5);25

(-2.5, 1.0, 2.6);25

(-2.4, 1.0, 2.5);25

(-0.4, 1.0, 2.5);38

(-0.3, 1.0, 2.4);38

(-0.3, 1.0, 2.5);38

(-0.2, 1.0, 2.5);38

(5.6, 1.0, 0.5);192

(5.7, 1.0, 0.4);192

(5.7, 1.0, 0.5);192

(5.7, 1.0, 0.6);192

(5.8, 1.0, 0.5);192

(0.0, 1.0, 2.0);19

(-0.6, 1.0, -2.5);150

(-0.6, 1.0, -2.4);150

(-0.5, 1.0, -2.4);150

(0.6, 1.0, -2.9);130

(0.6, 1.0, -2.8);130

(0.6, 1.0, -2.7);130

(4.5, 1.0, 0.0);192

(4.6, 1.0, -0.1);192

(4.6, 1.0, 0.0);192

(4.6, 1.0, 0.1);192

(4.7, 1.0, 0.0);192

(3.6, 1.0, 0.0);203

(3.7, 1.0, -0.1);203

(3.7, 1.0, 0.0);203

(3.7, 1.0, 0.1);203

(3.8, 1.0, 0.0);203

(-2.8, 1.0, -0.7);39

(1.4, 1.0, -0.4);66

(1.4, 1.0, -0.3);66

(1.4, 1.0, -0.2);66

(-0.1, 1.0, -3.0);150

(0.0, 1.0, -3.1);150

(0.0, 1.0, -3.0);150

(0.0, 1.0, -2.9);150

(0.1, 1.0, -3.0);150

(5.2, 1.0, 0.3);192

(5.3, 1.0, 0.2);192

(5.3, 1.0, 0.3);192

(5.3, 1.0, 0.4);192

(5.4, 1.0, 0.3);192

(4.2, 1.0, -0.1);192

(4.3, 1.0, -0.2);192

(4.3, 1.0, -0.1);192

(4.3, 1.0, 0.0);192

(4.4, 1.0, -0.1);192

(4.4, 1.0, -2.5);224

(4.4, 1.0, -2.4);224

(4.5, 1.0, -2.5);224

(6.0, 1.0, -0.9);66

(4.1, 1.0, -0.9);177

(0.0, 1.0, 1.6);30

(3.6, 1.0, -0.7);66

(5.1, 1.0, 0.4);192

(5.2, 1.0, 0.3);192

(5.2, 1.0, 0.4);192

(5.2, 1.0, 0.5);192

(5.3, 1.0, 0.4);192

(-2.4, 1.0, -2.7);79

(-2.3, 1.0, -2.8);79

(-2.3, 1.0, -2.7);79

(-2.3, 1.0, -2.6);79

(-2.2, 1.0, -2.7);79

(3.0, 1.0, -3.1);177

(3.1, 1.0, -3.1);177

(3.1, 1.0, -3.0);177

(3.2, 1.0, -3.1);177

(-2.6, 1.0, 2.1);23

(-2.6, 1.0, 2.2);25

(2.9, 1.0, -2.8);177

(3.0, 1.0, -2.9);177

(3.0, 1.0, -2.8);177

(3.0, 1.0, -2.7);177

(3.1, 1.0, -2.8);177

(3.2, 1.0, 2.1);38

(3.2, 1.0, 2.2);224

(-4.3, 1.0, 2.5);25

(-4.3, 1.0, 2.6);25

(-4.3, 1.0, 2.7);25

(-4.2, 1.0, 2.6);25

(-4.1, 1.0, 2.6);25

(-4.0, 1.0, 2.5);25

(-4.0, 1.0, 2.6);25

(-4.0, 1.0, 2.7);25

(-3.9, 1.0, 2.6);25

(-3.0, 1.0, -2.7);79

(-2.9, 1.0, -2.8);79

(-2.9, 1.0, -2.7);79

(-2.9, 1.0, -2.6);79

(-2.8, 1.0, -2.7);79

(3.5, 1.0, -1.8);169

(-1.3, 1.0, 0.0);67

(-1.3, 1.0, 0.1);67

(-1.3, 1.0, 0.2);67

(0.0, 1.0, -1.7);150

(5.1, 1.0, -0.1);192

(5.2, 1.0, -0.2);192

(5.2, 1.0, -0.1);192

(5.2, 1.0, 0.0);192

(5.3, 1.0, -0.1);192

(-4.0, 1.0, 1.9);25

(-0.6, 1.0, -2.5);150

(-0.5, 1.0, -2.6);150

(-0.5, 1.0, -2.5);150

(-0.5, 1.0, -2.4);150

(-0.4, 1.0, -2.5);150

(-0.8, 1.0, 0.2);66

(-0.8, 1.0, 0.3);66

(-0.8, 1.0, 0.4);66

(4.6, 1.0, -0.1);192

(4.7, 1.0, -0.2);192

(4.7, 1.0, -0.1);192

(4.7, 1.0, 0.0);192

(4.8, 1.0, -0.1);192

(5.0, 1.0, 0.5);192

(5.1, 1.0, 0.4);192

(5.1, 1.0, 0.5);192

(5.1, 1.0, 0.6);192

(5.2, 1.0, 0.5);192

(-3.5, 1.0, 2.0);24

(-2.7, 1.0, -2.6);79

(-2.6, 1.0, -2.7);79

(-2.6, 1.0, -2.6);79

(-2.6, 1.0, -2.5);79

(-2.5, 1.0, -2.6);79

(-4.8, 1.0, -2.5);100

(-4.7, 1.0, -2.6);100

(-4.7, 1.0, -2.5);100

(-4.7, 1.0, -2.4);100

(-4.6, 1.0, -2.5);100

(-4.6, 1.0, -2.2);100

(-4.5, 1.0, -2.3);100

(-4.5, 1.0, -2.2);100

(-4.5, 1.0, -2.1);100

(-4.4, 1.0, -2.2);100

(2.9, 1.0, -3.1);177

(3.0, 1.0, -3.1);177

(3.0, 1.0, -3.0);177

(3.1, 1.0, -3.1);177

(1.1, 1.0, 2.2);38

(1.1, 1.0, 2.3);38

(1.1, 1.0, 2.4);38

(-2.7, 1.0, 2.4);25

(-2.6, 1.0, 2.3);25

(-2.6, 1.0, 2.4);25

(-2.6, 1.0, 2.5);25

(-2.5, 1.0, 2.4);25

(6.4, 1.0, 0.0);192

(6.5, 1.0, -0.1);192

(6.5, 1.0, 0.0);192

(6.5, 1.0, 0.1);192

(-2.7, 1.0, -0.6);38

(-1.7, 1.0, 0.5);67

(-1.7, 1.0, 0.6);67

(-2.7, 1.0, 1.6);24

(2.0, 1.0, 2.2);224

(2.1, 1.0, 2.2);224

(0.1, 1.0, -3.1);150

(0.2, 1.0, -3.1);150

(0.2, 1.0, -3.0);150

(0.3, 1.0, -3.1);150

(-0.4, 1.0, 0.0);68

(-0.3, 1.0, -0.1);68

(-0.3, 1.0, 0.0);68

(-0.3, 1.0, 0.1);68

(-0.2, 1.0, 0.0);68

(-1.4, 1.0, -0.1);67

(-1.4, 1.0, 0.0);67

(-1.4, 1.0, 0.1);67

(2.4, 1.0, -0.4);203

(2.5, 1.0, -0.4);203

(2.5, 1.0, -0.3);203

(2.6, 1.0, -0.4);203

(-4.6, 1.0, -2.1);100

(-4.5, 1.0, -2.2);100

(-4.5, 1.0, -2.1);100

(-4.5, 1.0, -2.0);100

(-4.4, 1.0, -2.1);100

(-2.7, 1.0, 1.0);24

(-2.7, 1.0, 1.1);29

(5.8, 1.0, 0.5);192

(5.9, 1.0, 0.4);192

(5.9, 1.0, 0.5);192

(5.9, 1.0, 0.6);192

(6.0, 1.0, 0.5);192

(3.2, 1.0, 1.0);182

(3.2, 1.0, 1.1);182

(-2.5, 1.0, 2.3);25

(-2.4, 1.0, 2.2);25

(-2.4, 1.0, 2.3);25

(-2.4, 1.0, 2.4);25

(-2.3, 1.0, 2.3);25

(-4.7, 1.0, -2.8);100

(-4.6, 1.0, -2.9);100

(-4.6, 1.0, -2.8);100

(-4.6, 1.0, -2.7);100

(-4.5, 1.0, -2.8);100

(-2.7, 1.0, 1.1);29

(-2.6, 1.0, 1.1);29

(-2.5, 1.0, 1.1);29

(5.2, 1.0, -0.9);66

(2.6, 1.0, 0.1);203

(2.7, 1.0, 0.0);203

(2.7, 1.0, 0.1);203

(2.7, 1.0, 0.2);203

(2.8, 1.0, 0.1);203

(-2.7, 1.0, -2.9);79

(-2.6, 1.0, -3.0);79

(-2.6, 1.0, -2.9);79

(-2.6, 1.0, -2.8);79

(-2.5, 1.0, -2.9);79

(-4.0, 1.0, 1.8);25

(3.5, 1.0, -2.3);177

(3.6, 1.0, -2.4);177

(3.6, 1.0, -2.3);177

(3.6, 1.0, -2.2);177

(3.7, 1.0, -2.3);177

(0.3, 1.0, 0.3);68

(0.4, 1.0, 0.2);68

(0.4, 1.0, 0.3);68

(0.4, 1.0, 0.4);68

(-2.8, 1.0, -1.8);40

(-2.6, 1.0, -1.2);38

(0.1, 1.0, -1.5);151

(0.4, 1.0, 1.9);19

(-4.6, 1.0, 3.4);25

(-4.5, 1.0, 3.3);25

(-4.5, 1.0, 3.4);25

(-4.5, 1.0, 3.5);25

(-4.4, 1.0, 3.4);25

(0.3, 1.0, 1.0);68

(0.3, 1.0, 1.1);68

(0.6, 1.0, 2.2);38

(0.6, 1.0, 2.3);38

(-2.5, 1.0, 1.6);24

(3.8, 1.0, 0.5);203

(3.9, 1.0, 0.4);203

(3.9, 1.0, 0.5);203

(3.9, 1.0, 0.6);203

(-4.2, 1.0, 2.7);25

(-4.1, 1.0, 2.6);25

(-4.1, 1.0, 2.7);25

(-4.1, 1.0, 2.8);25

(-4.0, 1.0, 2.7);25

(1.5, 1.0, -0.1);66

(1.5, 1.0, 0.0);66

(-1.2, 1.0, 0.2);67

(-1.2, 1.0, 0.3);67

(-1.2, 1.0, 0.4);67

(6.1, 1.0, 0.2);192

(6.2, 1.0, 0.1);192

(6.2, 1.0, 0.2);192

(6.2, 1.0, 0.3);192

(6.3, 1.0, 0.2);192

(4.7, 1.0, 0.0);192

(4.8, 1.0, -0.1);192

(4.8, 1.0, 0.0);192

(4.8, 1.0, 0.1);192

(4.9, 1.0, 0.0);192

(3.5, 1.0, -0.3);203

(3.6, 1.0, -0.4);203

(3.6, 1.0, -0.3);203

(3.6, 1.0, -0.2);203

(3.7, 1.0, -0.3);203

(-0.4, 1.0, 0.1);68

(-0.3, 1.0, 0.0);68

(-0.3, 1.0, 0.1);68

(-0.3, 1.0, 0.2);68

(-0.2, 1.0, 0.1);68

(-0.5, 1.0, 0.0);68

(-0.4, 1.0, -0.1);68

(-0.4, 1.0, 0.0);68

(-0.4, 1.0, 0.1);68

(-0.3, 1.0, 0.0);68

(-3.5, 1.0, 3.1);25

(-3.4, 1.0, 3.0);25

(-3.4, 1.0, 3.1);25

(-3.4, 1.0, 3.2);25

(-3.3, 1.0, 3.1);25

(-0.9, 1.0, -0.3);66

(-0.9, 1.0, -0.2);66

(-0.9, 1.0, -0.1);66

(-1.4, 1.0, 0.4);67

(-1.4, 1.0, 0.5);67

(-1.4, 1.0, 0.6);67

(-2.6, 1.0, -2.6);79

(-2.5, 1.0, -2.7);79

(-2.5, 1.0, -2.6);79

(-2.5, 1.0, -2.5);79

(-2.4, 1.0, -2.6);79

(-1.1, 1.0, 0.3);66

(-1.1, 1.0, 0.4);66

(-1.1, 1.0, 0.5);66

(-4.3, 1.0, 3.0);25

(-4.2, 1.0, 2.9);25

(-4.2, 1.0, 3.0);25

(-4.2, 1.0, 3.1);25

(-4.1, 1.0, 3.0);25

(3.9, 1.0, -1.7);168

(-4.6, 1.0, 3.3);25

(-4.5, 1.0, 3.3);25

(-4.5, 1.0, 3.4);25

(-4.4, 1.0, 3.3);25

(-0.7, 1.0, -2.5);130

(-0.7, 1.0, -2.4);130

(-0.9, 1.0, -2.6);130

(-0.9, 1.0, -2.5);130

(-0.9, 1.0, -2.4);130

(3.7, 1.0, -2.3);177

(3.8, 1.0, -2.4);177

(3.8, 1.0, -2.3);177

(3.8, 1.0, -2.2);177

(3.9, 1.0, -2.3);177

(0.2, 1.0, -0.3);68

(0.3, 1.0, -0.4);68

(0.3, 1.0, -0.3);68

(0.3, 1.0, -0.2);68

(0.4, 1.0, -0.3);68

(-1.4, 1.0, 2.2);21

(-1.4, 1.0, 2.3);21

(1.8, 1.0, -2.8);130

(1.8, 1.0, -2.7);130

(1.8, 1.0, -2.6);130

(1.8, 1.0, -3.1);130

(1.8, 1.0, -3.0);130

(4.6, 1.0, -1.6);165

(-2.9, 1.0, -0.7);40

(-1.4, 1.0, 0.3);67

(-1.4, 1.0, 0.4);67

(-1.4, 1.0, 0.5);67

(6.4, 1.0, 0.1);192

(6.5, 1.0, 0.0);192

(6.5, 1.0, 0.1);192

(6.5, 1.0, 0.2);192

(3.8, 1.0, -2.2);177

(3.9, 1.0, -2.3);177

(3.9, 1.0, -2.2);177

(3.9, 1.0, -2.1);177

(2.1, 1.0, 2.4);224

(2.2, 1.0, 2.3);224

(2.2, 1.0, 2.4);224

(2.2, 1.0, 2.5);224

(2.3, 1.0, 2.4);224

(3.8, 1.0, -2.4);177

(3.9, 1.0, -2.4);177

(3.9, 1.0, -2.3);177

(-0.7, 1.0, -0.2);66

(-0.7, 1.0, -0.1);66

(-0.7, 1.0, 0.0);66

(1.2, 1.0, -3.0);130

(1.2, 1.0, -2.9);130

(1.2, 1.0, -2.8);130

(4.2, 1.0, -0.8);66

(-2.5, 1.0, -3.0);79

(-2.4, 1.0, -3.1);79

(-2.4, 1.0, -3.0);79

(-2.4, 1.0, -2.9);79

(-2.3, 1.0, -3.0);79

(1.4, 1.0, -0.4);66

(1.4, 1.0, -0.3);66

(-2.4, 1.0, -0.3);67

(-2.3, 1.0, -0.4);67

(-2.3, 1.0, -0.3);67

(-2.3, 1.0, -0.2);67

(-2.2, 1.0, -0.3);67

(4.0, 1.0, -0.1);192

(4.1, 1.0, -0.2);192

(4.1, 1.0, -0.1);192

(4.1, 1.0, 0.0);192

(4.2, 1.0, -0.1);192

(1.2, 1.0, 2.4);38

(1.2, 1.0, 2.5);38

(2.9, 1.0, 1.8);37

(-2.4, 1.0, 2.5);25

(-2.3, 1.0, 2.4);25

(-2.3, 1.0, 2.5);25

(-2.3, 1.0, 2.6);25

(-2.2, 1.0, 2.5);25

(2.0, 1.0, -3.0);177

(2.1, 1.0, -3.1);177

(2.1, 1.0, -3.0);177

(2.1, 1.0, -2.9);177

(2.2, 1.0, -3.0);177

(0.3, 1.0, -2.3);150

(0.4, 1.0, -2.4);150

(0.4, 1.0, -2.3);150

(0.4, 1.0, -2.2);150

(0.5, 1.0, -2.3);150

(2.8, 1.0, 1.1);182

(2.9, 1.0, 1.1);182

(1.7, 1.0, -2.7);130

(1.7, 1.0, -2.6);130

(1.7, 1.0, -2.5);130

(4.9, 1.0, 0.2);192

(5.0, 1.0, 0.1);192

(5.0, 1.0, 0.2);192

(5.0, 1.0, 0.3);192

(5.1, 1.0, 0.2);192

(2.7, 1.0, 2.3);224

(2.8, 1.0, 2.2);224

(2.8, 1.0, 2.3);224

(2.8, 1.0, 2.4);224

(2.9, 1.0, 2.3);224

(3.0, 1.0, -2.9);177

(3.1, 1.0, -3.0);177

(3.1, 1.0, -2.9);177

(3.1, 1.0, -2.8);177

(3.2, 1.0, -2.9);177

(-0.2, 1.0, 2.1);18

(-0.2, 1.0, 2.2);38

(-2.8, 1.0, 3.0);25

(-2.7, 1.0, 2.9);25

(-2.7, 1.0, 3.0);25

(-2.7, 1.0, 3.1);25

(-2.6, 1.0, 3.0);25

(2.0, 1.0, -0.3);203

(2.1, 1.0, -0.4);203

(2.1, 1.0, -0.3);203

(2.1, 1.0, -0.2);203

(2.2, 1.0, -0.3);203

(2.0, 1.0, -2.7);177

(2.0, 1.0, -2.6);177

(2.0, 1.0, -2.5);177

(2.1, 1.0, -2.6);177

(-3.7, 1.0, 2.7);25

(-3.6, 1.0, 2.6);25

(-3.6, 1.0, 2.7);25

(-3.6, 1.0, 2.8);25

(-3.5, 1.0, 2.7);25

(2.8, 1.0, -0.8);181

(-1.7, 1.0, -3.0);91

(-1.7, 1.0, -2.9);91

(-1.7, 1.0, -2.8);91

(3.2, 1.0, -1.2);179

(4.4, 1.0, -1.4);171

(0.3, 1.0, -0.7);65

(2.8, 1.0, 2.3);224

(2.9, 1.0, 2.2);224

(2.9, 1.0, 2.3);224

(2.9, 1.0, 2.4);224

(3.0, 1.0, 2.3);224

(-4.3, 1.0, 2.6);25

(-4.2, 1.0, 2.5);25

(-4.2, 1.0, 2.6);25

(-4.2, 1.0, 2.7);25

(-4.1, 1.0, 2.6);25

(2.7, 1.0, -2.1);177

(2.7, 1.0, -2.0);177

(2.8, 1.0, -2.0);177

(-2.4, 1.0, 0.0);67

(-2.3, 1.0, -0.1);67

(-2.3, 1.0, 0.0);67

(-2.3, 1.0, 0.1);67

(-2.2, 1.0, 0.0);67

(5.3, 1.0, -0.8);66

(4.1, 1.0, -2.0);224

(4.2, 1.0, -2.1);224

(4.2, 1.0, -2.0);224

(4.3, 1.0, -2.0);224

(2.7, 1.0, 1.9);37

(3.6, 1.0, -1.2);178

(3.8, 1.0, -0.1);203

(3.9, 1.0, -0.2);203

(3.9, 1.0, -0.1);203

(3.9, 1.0, 0.0);203

(3.3, 1.0, -0.9);180

(3.0, 1.0, -0.7);181

(0.8, 1.0, 2.1);18

(0.8, 1.0, 2.2);38

(-1.8, 1.0, 2.2);21

(-1.8, 1.0, 2.3);21

(-4.8, 1.0, 3.5);25

(-4.7, 1.0, 3.4);25

(-4.7, 1.0, 3.5);25

(-4.6, 1.0, 3.5);25

(4.5, 1.0, -2.8);224

(4.5, 1.0, -2.7);224

(4.5, 1.0, -2.6);224

(4.6, 1.0, -2.7);224

(3.2, 1.0, 0.8);181

(0.3, 1.0, 1.8);20

(-1.9, 1.0, 0.2);67

(-1.9, 1.0, 0.3);67

(-1.9, 1.0, 0.4);67

(-4.1, 1.0, 2.7);25

(-4.0, 1.0, 2.6);25

(-4.0, 1.0, 2.7);25

(-4.0, 1.0, 2.8);25

(-3.9, 1.0, 2.7);25

(4.9, 1.0, 0.0);192

(5.0, 1.0, -0.1);192

(5.0, 1.0, 0.0);192

(5.0, 1.0, 0.1);192

(5.1, 1.0, 0.0);192

(0.0, 1.0, -2.1);150

(0.1, 1.0, -2.2);150

(0.1, 1.0, -2.1);150

(0.1, 1.0, -2.0);150

(0.2, 1.0, -2.1);150

(2.9, 1.0, -2.4);177

(3.0, 1.0, -2.5);177

(3.0, 1.0, -2.4);177

(3.0, 1.0, -2.3);177

(3.1, 1.0, -2.4);177

(3.6, 1.0, -1.8);167

(-2.4, 1.0, -2.9);79

(-2.3, 1.0, -3.0);79

(-2.3, 1.0, -2.9);79

(-2.3, 1.0, -2.8);79

(-2.2, 1.0, -2.9);79

(2.8, 1.0, -1.4);181

(5.8, 1.0, -0.5);66

(5.8, 1.0, -0.4);192

(4.5, 1.0, -0.5);66

(4.5, 1.0, -0.4);192

(-0.1, 1.0, 1.8);20

(1.4, 1.0, -0.3);66

(1.4, 1.0, -0.2);66

(1.4, 1.0, -0.1);66

(3.0, 1.0, -0.1);203

(3.1, 1.0, -0.2);203

(3.1, 1.0, -0.1);203

(3.1, 1.0, 0.0);203

(3.2, 1.0, -0.1);203

(3.8, 1.0, -1.8);165

(-4.8, 1.0, -3.1);100

(-4.8, 1.0, -3.0);100

(-4.8, 1.0, -2.9);100

(-4.7, 1.0, -3.0);100

(4.4, 1.0, -1.0);175

(4.0, 1.0, 0.7);180

(0.1, 1.0, -2.8);150

(0.2, 1.0, -2.9);150

(0.2, 1.0, -2.8);150

(0.2, 1.0, -2.7);150

(0.3, 1.0, -2.8);150

(0.0, 1.0, -1.8);150

(0.0, 1.0, -0.6);65

(3.3, 1.0, -1.5);177

(-3.8, 1.0, 3.4);25

(-3.7, 1.0, 3.3);25

(-3.7, 1.0, 3.4);25

(-3.7, 1.0, 3.5);25

(-3.6, 1.0, 3.4);25

(0.3, 1.0, 1.9);19

(0.7, 1.0, 2.0);19

(-1.3, 1.0, -3.0);97

(-1.3, 1.0, -2.9);97

(-1.3, 1.0, -2.8);97

(-0.8, 1.0, 0.3);66

(-0.8, 1.0, 0.4);66

(-0.8, 1.0, 0.5);66

(-2.0, 1.0, 0.5);67

(-2.0, 1.0, 0.6);67

(2.9, 1.0, 0.4);203

(3.0, 1.0, 0.3);203

(3.0, 1.0, 0.4);203

(3.0, 1.0, 0.5);203

(3.1, 1.0, 0.4);203

(-2.7, 1.0, -1.3);39

(-0.1, 1.0, -1.3);152

(-2.7, 1.0, -2.8);79

(-2.6, 1.0, -2.9);79

(-2.6, 1.0, -2.8);79

(-2.6, 1.0, -2.7);79

(-2.5, 1.0, -2.8);79

(4.6, 1.0, -2.2);224

(4.7, 1.0, -2.3);224

(4.7, 1.0, -2.2);224

(4.7, 1.0, -2.1);224

(3.1, 1.0, 1.0);182

(3.1, 1.0, 1.1);182

(3.3, 1.0, -2.3);177

(3.4, 1.0, -2.4);177

(3.4, 1.0, -2.3);177

(3.4, 1.0, -2.2);177

(3.5, 1.0, -2.3);177

(4.6, 1.0, 0.1);192

(4.7, 1.0, 0.0);192

(4.7, 1.0, 0.1);192

(4.7, 1.0, 0.2);192

(4.8, 1.0, 0.1);192

(2.5, 1.0, -0.2);203

(2.6, 1.0, -0.3);203

(2.6, 1.0, -0.2);203

(2.6, 1.0, -0.1);203

(2.7, 1.0, -0.2);203

(0.4, 1.0, 0.8);68

(3.9, 1.0, -1.4);174

(-2.8, 1.0, 1.8);24

(-0.9, 1.0, 2.2);20

(-0.9, 1.0, 2.3);20

(-0.9, 1.0, 2.4);20

(4.8, 1.0, -1.0);174

(-0.4, 1.0, -3.1);150

(-0.3, 1.0, -3.1);150

(-0.3, 1.0, -3.0);150

(-0.2, 1.0, -3.1);150

(4.5, 1.0, -0.3);192

(4.6, 1.0, -0.4);192

(4.6, 1.0, -0.3);192

(4.6, 1.0, -0.2);192

(4.7, 1.0, -0.3);192

(2.8, 1.0, 0.5);203

(2.8, 1.0, 0.6);203

(2.9, 1.0, 0.6);203

(-2.8, 1.0, 0.8);29

(3.0, 1.0, 1.8);37

(2.5, 1.0, 0.0);203

(2.6, 1.0, -0.1);203

(2.6, 1.0, 0.0);203

(2.6, 1.0, 0.1);203

(2.7, 1.0, 0.0);203

(-4.6, 1.0, -2.4);100

(-4.5, 1.0, -2.5);100

(-4.5, 1.0, -2.4);100

(-4.5, 1.0, -2.3);100

(-4.4, 1.0, -2.4);100

(-2.8, 1.0, -2.4);79

(-2.7, 1.0, -2.5);79

(-2.7, 1.0, -2.4);79

(-2.7, 1.0, -2.3);79

(-2.6, 1.0, -2.4);79

(5.5, 1.0, 0.5);192

(5.6, 1.0, 0.4);192

(5.6, 1.0, 0.5);192

(5.6, 1.0, 0.6);192

(5.7, 1.0, 0.5);192

(-0.5, 1.0, -2.5);150

(-0.4, 1.0, -2.6);150

(-0.4, 1.0, -2.5);150

(-0.4, 1.0, -2.4);150

(-0.3, 1.0, -2.5);150

(2.6, 1.0, 0.2);203

(2.7, 1.0, 0.1);203

(2.7, 1.0, 0.2);203

(2.8, 1.0, 0.2);203

(0.4, 1.0, -3.0);150

(0.5, 1.0, -3.1);150

(0.5, 1.0, -3.0);150

(0.5, 1.0, -2.9);150

(0.0, 1.0, -0.3);68

(0.1, 1.0, -0.4);68

(0.1, 1.0, -0.3);68

(0.1, 1.0, -0.2);68

(0.2, 1.0, -0.3);68

(4.3, 1.0, -2.4);224

(4.4, 1.0, -2.5);224

(4.4, 1.0, -2.4);224

(4.4, 1.0, -2.3);224

(4.5, 1.0, -2.4);224

(-2.8, 1.0, -2.5);79

(-2.7, 1.0, -2.6);79

(-2.7, 1.0, -2.5);79

(-2.7, 1.0, -2.4);79

(-2.6, 1.0, -2.5);79

(-2.8, 1.0, 2.2);25

(-2.7, 1.0, 2.2);25

(-2.7, 1.0, 2.3);25

(-2.6, 1.0, 2.2);25

(5.3, 1.0, -0.3);192

(5.4, 1.0, -0.4);192

(5.4, 1.0, -0.3);192

(5.4, 1.0, -0.2);192

(5.5, 1.0, -0.3);192

(-2.9, 1.0, -2.0);79

(-2.8, 1.0, -2.1);79

(-2.8, 1.0, -2.0);79

(-2.7, 1.0, -2.0);79

(3.7, 1.0, 0.1);203

(3.8, 1.0, 0.0);203

(3.8, 1.0, 0.1);203

(3.8, 1.0, 0.2);203

(3.9, 1.0, 0.1);203

(-0.1, 1.0, -0.1);68

(0.0, 1.0, -0.2);68

(0.0, 1.0, -0.1);68

(0.0, 1.0, 0.0);68

(0.1, 1.0, -0.1);68

(0.3, 1.0, -0.4);68

(0.4, 1.0, -0.4);68

(0.4, 1.0, -0.3);68

(0.5, 1.0, -0.4);68

(0.3, 1.0, -2.0);150

(0.4, 1.0, -2.1);150

(0.4, 1.0, -2.0);150

(0.0, 1.0, 2.5);38

(0.1, 1.0, 2.4);38

(0.1, 1.0, 2.5);38

(0.2, 1.0, 2.5);38

(5.1, 1.0, -0.8);66

(-1.5, 1.0, 0.3);67

(-1.5, 1.0, 0.4);67

(-1.5, 1.0, 0.5);67

(6.4, 1.0, -0.1);192

(6.5, 1.0, -0.2);192

(6.5, 1.0, -0.1);192

(6.5, 1.0, 0.0);192

(1.4, 1.0, 2.1);37

(1.4, 1.0, 2.2);38

(-3.0, 1.0, 2.5);25

(-2.9, 1.0, 2.4);25

(-2.9, 1.0, 2.5);25

(-2.9, 1.0, 2.6);25

(-2.8, 1.0, 2.5);25

(-2.5, 1.0, -1.2);37

(4.6, 1.0, -2.0);224

(4.7, 1.0, -2.1);224

(4.7, 1.0, -2.0);224

(4.0, 1.0, -0.4);192

(4.0, 1.0, -0.3);192

(4.0, 1.0, -0.2);192

(4.1, 1.0, -0.3);192

(-1.7, 1.0, 0.3);67

(-1.7, 1.0, 0.4);67

(-1.7, 1.0, 0.5);67

(-1.2, 1.0, 2.2);20

(-1.2, 1.0, 2.3);20

(3.2, 1.0, -3.0);177

(3.3, 1.0, -3.1);177

(3.3, 1.0, -3.0);177

(3.3, 1.0, -2.9);177

(3.4, 1.0, -3.0);177

(-3.1, 1.0, -1.9);42

(0.1, 1.0, -2.3);150

(0.2, 1.0, -2.4);150

(0.2, 1.0, -2.3);150

(0.2, 1.0, -2.2);150

(0.3, 1.0, -2.3);150

(-3.6, 1.0, 2.3);25

(-3.5, 1.0, 2.2);25

(-3.5, 1.0, 2.3);25

(-3.5, 1.0, 2.4);25

(-3.4, 1.0, 2.3);25

(-4.8, 1.0, -2.4);100

(-4.7, 1.0, -2.5);100

(-4.7, 1.0, -2.4);100

(-4.7, 1.0, -2.3);100

(-4.6, 1.0, -2.4);100

(1.4, 1.0, 2.2);38

(1.4, 1.0, 2.3);38

(-3.1, 1.0, 2.9);25

(-3.0, 1.0, 2.8);25

(-3.0, 1.0, 2.9);25

(-3.0, 1.0, 3.0);25

(-2.9, 1.0, 2.9);25

(5.1, 1.0, 0.5);192

(5.2, 1.0, 0.4);192

(5.2, 1.0, 0.5);192

(5.2, 1.0, 0.6);192

(5.3, 1.0, 0.5);192

(-1.3, 1.0, 2.3);20

(-1.3, 1.0, 2.4);20

(-1.3, 1.0, 2.5);20

(0.0, 1.0, 0.3);68

(0.1, 1.0, 0.2);68

(0.1, 1.0, 0.3);68

(0.1, 1.0, 0.4);68

(0.2, 1.0, 0.3);68

(-2.6, 1.0, 3.0);25

(-2.5, 1.0, 2.9);25

(-2.5, 1.0, 3.0);25

(-2.5, 1.0, 3.1);25

(3.8, 1.0, 0.3);203

(3.9, 1.0, 0.2);203

(3.9, 1.0, 0.3);203

(3.9, 1.0, 0.4);203

(4.7, 1.0, -1.6);164

(-0.1, 1.0, -1.6);151

(3.0, 1.0, -1.9);153

(6.3, 1.0, -0.8);66

(-0.3, 1.0, -0.2);68

(-0.2, 1.0, -0.3);68

(-0.2, 1.0, -0.2);68

(-0.2, 1.0, -0.1);68

(-0.1, 1.0, -0.2);68

(3.0, 1.0, 1.9);37

(4.6, 1.0, -1.5);168

(4.7, 1.0, -0.2);192

(4.8, 1.0, -0.3);192

(4.8, 1.0, -0.2);192

(4.8, 1.0, -0.1);192

(4.9, 1.0, -0.2);192

(0.1, 1.0, -0.6);65

(-2.4, 1.0, 1.9);23

(1.6, 1.0, -0.4);66

(1.6, 1.0, -0.3);66

(0.2, 1.0, 0.7);68

(0.0, 1.0, 0.6);68

(0.1, 1.0, 0.5);68

(0.1, 1.0, 0.6);68

(0.2, 1.0, 0.6);68

(4.7, 1.0, 0.5);192

(4.8, 1.0, 0.4);192

(4.8, 1.0, 0.5);192

(4.8, 1.0, 0.6);192

(4.9, 1.0, 0.5);192

(-0.2, 1.0, -0.7);154

(4.1, 1.0, -1.0);177

(-3.3, 1.0, 3.2);25

(-3.2, 1.0, 3.1);25

(-3.2, 1.0, 3.2);25

(-3.2, 1.0, 3.3);25

(-3.1, 1.0, 3.2);25

(-2.2, 1.0, -2.7);79

(-2.1, 1.0, -2.8);79

(-2.1, 1.0, -2.7);79

(-2.1, 1.0, -2.6);79

(-0.3, 1.0, 2.4);38

(-0.2, 1.0, 2.3);38

(-0.2, 1.0, 2.4);38

(-0.2, 1.0, 2.5);38

(-0.1, 1.0, 2.4);38

(-0.7, 1.0, -2.6);130

(-0.7, 1.0, -2.5);130

(-0.7, 1.0, -2.4);130

(-2.8, 1.0, 0.7);31

(-2.8, 1.0, 2.0);23

(2.9, 1.0, -2.3);177

(3.0, 1.0, -2.4);177

(3.0, 1.0, -2.3);177

(3.0, 1.0, -2.2);177

(3.1, 1.0, -2.3);177

(4.6, 1.0, -1.4);170

(0.1, 1.0, -0.7);65

(-4.1, 1.0, 3.1);25

(-4.0, 1.0, 3.0);25

(-4.0, 1.0, 3.1);25

(-4.0, 1.0, 3.2);25

(-3.9, 1.0, 3.1);25

(2.0, 1.0, -3.1);177

(2.1, 1.0, -3.1);177

(2.1, 1.0, -3.0);177

(2.2, 1.0, -3.1);177

(-1.7, 1.0, -0.2);67

(-1.7, 1.0, -0.1);67

(-1.7, 1.0, 0.0);67

(-2.5, 1.0, -0.4);67

(-2.4, 1.0, -0.4);67

(-2.4, 1.0, -0.3);67

(-2.3, 1.0, -0.4);67

(-3.7, 1.0, 3.3);25

(-3.6, 1.0, 3.2);25

(-3.6, 1.0, 3.3);25

(-3.6, 1.0, 3.4);25

(-3.5, 1.0, 3.3);25

(-4.4, 1.0, -1.9);88

(-2.2, 1.0, -0.3);67

(-2.1, 1.0, -0.3);67

(-2.1, 1.0, -0.2);67

(4.0, 1.0, 0.0);192

(4.1, 1.0, -0.1);192

(4.1, 1.0, 0.0);192

(4.1, 1.0, 0.1);192

(4.2, 1.0, 0.0);192

(-2.3, 1.0, 2.4);25

(-2.2, 1.0, 2.3);25

(-2.2, 1.0, 2.4);25

(-2.2, 1.0, 2.5);25

(-2.1, 1.0, 2.4);25

(-5.1, 1.0, 3.3);9

(-5.1, 1.0, 3.4);9

(-5.1, 1.0, 3.5);9

(-5.0, 1.0, 3.4);9

(-0.2, 1.0, -1.5);152

(6.4, 1.0, 0.3);192

(6.5, 1.0, 0.2);192

(6.5, 1.0, 0.3);192

(6.5, 1.0, 0.4);192

(-2.5, 1.0, -1.1);37

(-0.8, 1.0, -0.3);66

(-0.8, 1.0, -0.2);66

(-0.8, 1.0, -0.1);66

(3.2, 1.0, -0.2);203

(3.3, 1.0, -0.3);203

(3.3, 1.0, -0.2);203

(3.3, 1.0, -0.1);203

(3.4, 1.0, -0.2);203

(0.2, 1.0, 1.9);19

(-4.7, 1.0, -1.8);88

(-2.7, 1.0, -2.1);79

(-2.6, 1.0, -2.2);79

(-2.6, 1.0, -2.1);79

(-2.6, 1.0, -2.0);79

(-2.5, 1.0, -2.1);79

(-2.5, 1.0, 2.2);25

(-2.4, 1.0, 2.2);25

(-2.4, 1.0, 2.3);25

(-2.3, 1.0, 2.2);25

(6.0, 1.0, -0.5);66

(6.0, 1.0, -0.4);192

(-4.6, 1.0, -2.7);100

(-4.5, 1.0, -2.8);100

(-4.5, 1.0, -2.7);100

(-4.5, 1.0, -2.6);100

(-4.4, 1.0, -2.7);100

(0.1, 1.0, 1.2);68

(-1.5, 1.0, -2.5);93

(-1.5, 1.0, -2.4);93

(4.9, 1.0, 0.5);192

(5.0, 1.0, 0.4);192

(5.0, 1.0, 0.5);192

(5.0, 1.0, 0.6);192

(5.1, 1.0, 0.5);192

(-0.8, 1.0, -2.9);130

(-0.8, 1.0, -2.8);130

(-0.8, 1.0, -2.7);130

(4.7, 1.0, -0.3);192

(4.8, 1.0, -0.4);192

(4.8, 1.0, -0.3);192

(4.8, 1.0, -0.2);192

(4.9, 1.0, -0.3);192

(2.8, 1.0, 2.1);38

(2.8, 1.0, 2.2);224

(2.8, 1.0, -1.7);153

(3.3, 1.0, -2.4);177

(3.4, 1.0, -2.5);177

(3.4, 1.0, -2.4);177

(3.4, 1.0, -2.3);177

(3.5, 1.0, -2.4);177

(3.4, 1.0, -0.3);203

(3.5, 1.0, -0.4);203

(3.5, 1.0, -0.3);203

(3.5, 1.0, -0.2);203

(3.6, 1.0, -0.3);203

(5.3, 1.0, -0.6);66

(4.3, 1.0, -1.8);157

(4.1, 1.0, -2.3);224

(4.2, 1.0, -2.4);224

(4.2, 1.0, -2.3);224

(4.2, 1.0, -2.2);224

(4.3, 1.0, -2.3);224

(4.2, 1.0, 0.5);192

(4.3, 1.0, 0.4);192

(4.3, 1.0, 0.5);192

(4.3, 1.0, 0.6);192

(4.4, 1.0, 0.5);192

(0.7, 1.0, -2.7);130

(0.7, 1.0, -2.6);130

(0.7, 1.0, -2.5);130

(0.9, 1.0, -3.1);130

(0.9, 1.0, -3.0);130

(1.0, 1.0, -3.1);130

(-3.5, 1.0, 3.4);25

(-3.4, 1.0, 3.3);25

(-3.4, 1.0, 3.4);25

(-3.4, 1.0, 3.5);25

(-3.3, 1.0, 3.4);25

(-4.6, 1.0, -2.6);100

(-4.5, 1.0, -2.7);100

(-4.5, 1.0, -2.6);100

(-4.5, 1.0, -2.5);100

(-4.4, 1.0, -2.6);100

(0.2, 1.0, 1.1);68

(0.3, 1.0, 1.1);68

(0.4, 1.0, 1.1);68

(4.5, 1.0, -2.6);224

(4.6, 1.0, -2.7);224

(4.6, 1.0, -2.6);224

(4.6, 1.0, -2.5);224

(4.7, 1.0, -2.6);224

(-3.3, 1.0, -1.7);74

(-4.7, 1.0, -2.3);100

(-4.6, 1.0, -2.4);100

(-4.6, 1.0, -2.3);100

(-4.6, 1.0, -2.2);100

(-4.5, 1.0, -2.3);100

(5.8, 1.0, -0.7);66

(-2.7, 1.0, -2.4);79

(-2.6, 1.0, -2.5);79

(-2.6, 1.0, -2.4);79

(-2.6, 1.0, -2.3);79

(-2.5, 1.0, -2.4);79

(-4.8, 1.0, -2.2);100

(-4.7, 1.0, -2.3);100

(-4.7, 1.0, -2.2);100

(-4.7, 1.0, -2.1);100

(-4.6, 1.0, -2.2);100

(-1.4, 1.0, -3.1);95

(-1.4, 1.0, -3.0);95

(0.2, 1.0, -0.2);68

(0.3, 1.0, -0.3);68

(0.3, 1.0, -0.2);68

(0.3, 1.0, -0.1);68

(0.4, 1.0, -0.2);68

(1.4, 1.0, -0.2);66

(1.4, 1.0, -0.1);66

(1.4, 1.0, 0.0);66

(-2.7, 1.0, 3.3);25

(-2.6, 1.0, 3.2);25

(-2.6, 1.0, 3.3);25

(-2.6, 1.0, 3.4);25

(-2.5, 1.0, 3.3);25

(4.3, 1.0, -0.4);192

(4.4, 1.0, -0.4);192

(4.4, 1.0, -0.3);192

(4.5, 1.0, -0.4);192

(0.2, 1.0, 1.8);20

(3.3, 1.0, -2.1);177

(3.4, 1.0, -2.2);177

(3.4, 1.0, -2.1);177

(3.4, 1.0, -2.0);177

(3.5, 1.0, -2.1);177

(4.4, 1.0, -0.5);66

(4.4, 1.0, -0.4);192

(-0.2, 1.0, -2.8);150

(-0.1, 1.0, -2.9);150

(-0.1, 1.0, -2.8);150

(-0.1, 1.0, -2.7);150

(0.0, 1.0, -2.8);150

(0.6, 1.0, -3.1);130

(0.6, 1.0, -3.0);130

(3.3, 1.0, -1.9);166

(-1.0, 1.0, 0.3);66

(-1.0, 1.0, 0.4);66

(-1.0, 1.0, 0.5);66

(-4.2, 1.0, 2.2);25

(-4.1, 1.0, 2.2);25

(-4.1, 1.0, 2.3);25

(-4.0, 1.0, 2.2);25

(-2.9, 1.0, -1.2);41

(4.3, 1.0, 0.3);192

(4.4, 1.0, 0.2);192

(4.4, 1.0, 0.3);192

(4.4, 1.0, 0.4);192

(4.5, 1.0, 0.3);192

(3.3, 1.0, -0.3);203

(3.4, 1.0, -0.4);203

(3.4, 1.0, -0.3);203

(3.4, 1.0, -0.2);203

(3.5, 1.0, -0.3);203

(-1.3, 1.0, 0.8);67

(4.7, 1.0, -1.5);167

(-0.3, 1.0, 0.1);68

(-0.2, 1.0, 0.0);68

(-0.2, 1.0, 0.1);68

(-0.2, 1.0, 0.2);68

(-0.1, 1.0, 0.1);68

(2.6, 1.0, -2.4);177

(2.7, 1.0, -2.5);177

(2.7, 1.0, -2.4);177

(2.7, 1.0, -2.3);177

(2.8, 1.0, -2.4);177

(-0.1, 1.0, -1.9);150

(-1.7, 1.0, -2.6);91

(-1.7, 1.0, -2.5);91

(-1.7, 1.0, -2.4);91

(-3.1, 1.0, -2.3);79

(-3.0, 1.0, -2.4);79

(-3.0, 1.0, -2.3);79

(-3.0, 1.0, -2.2);79

(-2.9, 1.0, -2.3);79

(-2.6, 1.0, -3.1);79

(-2.5, 1.0, -3.1);79

(-2.5, 1.0, -3.0);79

(-2.4, 1.0, -3.1);79

(3.2, 1.0, -2.4);177

(3.3, 1.0, -2.5);177

(3.3, 1.0, -2.4);177

(3.3, 1.0, -2.3);177

(3.4, 1.0, -2.4);177

(-2.8, 1.0, 3.3);25

(-2.7, 1.0, 3.2);25

(-2.7, 1.0, 3.3);25

(-2.7, 1.0, 3.4);25

(-2.6, 1.0, 3.3);25

(0.9, 1.0, -2.6);130

(0.9, 1.0, -2.5);130

(0.9, 1.0, -2.4);130

(1.0, 1.0, -2.5);130

(-0.7, 1.0, -3.0);130

(-0.7, 1.0, -2.9);130

(-0.7, 1.0, -2.8);130

(0.2, 1.0, 0.1);68

(0.3, 1.0, 0.0);68

(0.3, 1.0, 0.1);68

(0.3, 1.0, 0.2);68

(0.4, 1.0, 0.1);68

(-4.3, 1.0, 2.5);25

(-4.2, 1.0, 2.4);25

(-4.2, 1.0, 2.5);25

(-4.2, 1.0, 2.6);25

(-4.1, 1.0, 2.5);25

(-0.4, 1.0, -0.3);68

(-0.3, 1.0, -0.4);68

(-0.3, 1.0, -0.3);68

(-0.3, 1.0, -0.2);68

(-0.2, 1.0, -0.3);68

(3.7, 1.0, -1.0);178

(-2.0, 1.0, -0.3);67

(-2.0, 1.0, -0.2);67

(-2.0, 1.0, -0.1);67

(0.4, 1.0, -1.0);151

(-4.0, 1.0, -1.7);88

(4.5, 1.0, -1.0);175

(0.8, 1.0, -0.4);66

(0.8, 1.0, -0.3);66

(-3.9, 1.0, 3.4);25

(-3.8, 1.0, 3.3);25

(-3.8, 1.0, 3.4);25

(-3.8, 1.0, 3.5);25

(-3.7, 1.0, 3.4);25

(5.4, 1.0, -0.7);66

(5.2, 1.0, -0.4);192

(5.3, 1.0, -0.4);192

(5.3, 1.0, -0.3);192

(5.4, 1.0, -0.4);192

(6.0, 1.0, 0.0);192

(6.1, 1.0, -0.1);192

(6.1, 1.0, 0.0);192

(6.1, 1.0, 0.1);192

(6.2, 1.0, 0.0);192

(0.9, 1.0, 2.5);38

(1.0, 1.0, 2.4);38

(1.0, 1.0, 2.5);38

(0.1, 1.0, 2.3);38

(0.2, 1.0, 2.2);38

(0.2, 1.0, 2.3);38

(0.2, 1.0, 2.4);38

(0.3, 1.0, 2.3);38

(-0.1, 1.0, -0.6);66

(3.1, 1.0, 1.6);182

(-4.5, 1.0, -2.3);100

(-4.4, 1.0, -2.4);100

(-4.4, 1.0, -2.3);100

(-4.4, 1.0, -2.2);100

(-2.3, 1.0, 0.3);67

(-2.2, 1.0, 0.2);67

(-2.2, 1.0, 0.3);67

(-2.2, 1.0, 0.4);67

(-2.1, 1.0, 0.3);67

(-2.9, 1.0, 0.3);67

(-2.8, 1.0, 0.2);67

(-2.8, 1.0, 0.3);67

(-2.8, 1.0, 0.4);67

(0.5, 1.0, 2.1);18

(0.5, 1.0, 2.2);38

(-1.0, 1.0, 0.0);66

(-1.0, 1.0, 0.1);66

(-1.0, 1.0, 0.2);66

(0.3, 1.0, -1.3);150

(-0.2, 1.0, -3.1);150

(-0.1, 1.0, -3.1);150

(-0.1, 1.0, -3.0);150

(0.0, 1.0, -3.1);150

(2.1, 1.0, -0.1);203

(2.2, 1.0, -0.2);203

(2.2, 1.0, -0.1);203

(2.2, 1.0, 0.0);203

(2.3, 1.0, -0.1);203

(4.5, 1.0, -2.7);224

(4.6, 1.0, -2.8);224

(4.6, 1.0, -2.7);224

(4.6, 1.0, -2.6);224

(4.7, 1.0, -2.7);224

(-3.1, 1.0, -1.6);42

(1.1, 1.0, -2.8);130

(1.1, 1.0, -2.7);130

(1.1, 1.0, -2.6);130

(-0.2, 1.0, -0.6);66

(2.0, 1.0, -2.5);177

(2.1, 1.0, -2.6);177

(2.1, 1.0, -2.5);177

(2.1, 1.0, -2.4);177

(2.2, 1.0, -2.5);177

(-1.3, 1.0, 2.2);20

(-1.3, 1.0, 2.3);20

(-1.3, 1.0, 2.4);20

(3.7, 1.0, -1.3);176

(4.6, 1.0, -1.3);172

(1.7, 1.0, -3.1);130

(1.7, 1.0, -3.0);130

(4.1, 1.0, -1.8);160

(0.7, 1.0, -0.4);66

(0.7, 1.0, -0.3);66

(0.7, 1.0, -0.2);66

(4.5, 1.0, 0.5);192

(4.6, 1.0, 0.4);192

(4.6, 1.0, 0.5);192

(4.6, 1.0, 0.6);192

(4.7, 1.0, 0.5);192

(-0.3, 1.0, -2.5);150

(-0.2, 1.0, -2.6);150

(-0.2, 1.0, -2.5);150

(-0.2, 1.0, -2.4);150

(-0.1, 1.0, -2.5);150

(3.2, 1.0, 1.3);182

(5.6, 1.0, -0.4);192

(5.7, 1.0, -0.4);192

(5.7, 1.0, -0.3);192

(5.8, 1.0, -0.4);192

(0.9, 1.0, -0.3);66

(1.0, 1.0, -0.4);66

(1.0, 1.0, -0.3);66

(1.0, 1.0, -0.2);66

(-1.4, 1.0, 0.5);67

(-1.4, 1.0, 0.6);67

(2.6, 1.0, 2.1);37

(2.6, 1.0, 2.2);224

(-1.7, 1.0, -2.5);91

(-1.7, 1.0, -2.4);91

(-3.9, 1.0, -1.7);88

(-2.6, 1.0, -0.5);36

(-2.6, 1.0, -0.4);67

(-1.4, 1.0, -0.3);67

(-1.4, 1.0, -0.2);67

(-1.4, 1.0, -0.1);67

(-0.2, 1.0, -1.3);152

(-1.1, 1.0, 0.0);66

(-1.1, 1.0, 0.1);66

(-1.1, 1.0, 0.2);66

(-4.2, 1.0, 2.1);25

(-4.2, 1.0, 2.2);25

(4.1, 1.0, 0.3);192

(4.2, 1.0, 0.2);192

(4.2, 1.0, 0.3);192

(4.2, 1.0, 0.4);192

(4.3, 1.0, 0.3);192

(4.9, 1.0, 0.3);192

(5.0, 1.0, 0.2);192

(5.0, 1.0, 0.3);192

(5.0, 1.0, 0.4);192

(5.1, 1.0, 0.3);192

(-4.1, 1.0, 2.5);25

(-4.0, 1.0, 2.4);25

(-4.0, 1.0, 2.5);25

(-4.0, 1.0, 2.6);25

(-3.9, 1.0, 2.5);25

(-3.2, 1.0, 2.4);25

(-3.1, 1.0, 2.3);25

(-3.1, 1.0, 2.4);25

(-3.1, 1.0, 2.5);25

(-3.0, 1.0, 2.4);25

(-3.0, 1.0, 2.4);25

(-2.9, 1.0, 2.3);25

(-2.9, 1.0, 2.4);25

(-2.9, 1.0, 2.5);25

(-2.8, 1.0, 2.4);25

(3.8, 1.0, -2.0);177

(3.9, 1.0, -2.1);177

(3.9, 1.0, -2.0);177

(-1.2, 1.0, -2.8);98

(-1.2, 1.0, -2.7);98

(-1.2, 1.0, -2.6);98

(-0.7, 1.0, 2.2);37

(-0.7, 1.0, 2.3);37

(-0.7, 1.0, 2.4);37

(3.1, 1.0, -2.0);177

(3.2, 1.0, -2.1);177

(3.2, 1.0, -2.0);177

(3.3, 1.0, -2.0);177

(-2.5, 1.0, 0.2);67

(-2.4, 1.0, 0.1);67

(-2.4, 1.0, 0.2);67

(-2.3, 1.0, 0.2);67

(2.7, 1.0, 2.0);37

(2.4, 1.0, 2.2);224

(2.5, 1.0, 2.2);224

(2.5, 1.0, 2.3);224

(2.6, 1.0, 2.2);224

(-4.1, 1.0, 3.2);25

(-4.0, 1.0, 3.1);25

(-4.0, 1.0, 3.2);25

(-4.0, 1.0, 3.3);25

(-3.9, 1.0, 3.2);25

(-0.1, 1.0, -2.6);150

(0.0, 1.0, -2.7);150

(0.0, 1.0, -2.6);150

(0.0, 1.0, -2.5);150

(0.1, 1.0, -2.6);150

(3.6, 1.0, -1.9);159

(3.7, 1.0, 0.7);181

(-2.6, 1.0, -2.4);79

(-2.5, 1.0, -2.5);79

(-2.5, 1.0, -2.4);79

(-2.5, 1.0, -2.3);79

(-2.4, 1.0, -2.4);79

(-2.4, 1.0, -2.4);79

(-2.3, 1.0, -2.5);79

(-2.3, 1.0, -2.4);79

(-2.3, 1.0, -2.3);79

(-2.2, 1.0, -2.4);79

(6.1, 1.0, 0.4);192

(6.2, 1.0, 0.3);192

(6.2, 1.0, 0.4);192

(6.2, 1.0, 0.5);192

(6.3, 1.0, 0.4);192

(-2.4, 1.0, 2.3);25

(-2.3, 1.0, 2.2);25

(-2.3, 1.0, 2.3);25

(-2.3, 1.0, 2.4);25

(-2.2, 1.0, 2.3);25

(-1.7, 1.0, 2.2);21

(-1.7, 1.0, 2.3);21

(-1.7, 1.0, 2.4);21

(5.0, 1.0, -0.9);66

(-0.9, 1.0, 0.4);66

(-0.9, 1.0, 0.5);66

(-0.9, 1.0, 0.6);66

(3.1, 1.0, 1.9);37

(-0.9, 1.0, 0.5);66

(-0.9, 1.0, 0.6);66

(-2.9, 1.0, -1.0);40

(-2.4, 1.0, -0.5);34

(-2.4, 1.0, -0.4);67

(-2.4, 1.0, -0.8);35

(-2.5, 1.0, 1.9);23

(4.0, 1.0, -1.0);177

(4.5, 1.0, -1.5);169

(6.3, 1.0, -0.7);66

(-0.3, 1.0, 1.9);20

(0.0, 1.0, -0.8);152

(-0.9, 1.0, -3.1);130

(-0.9, 1.0, -3.0);130

(0.0, 1.0, 2.2);38

(0.1, 1.0, 2.2);38

(0.1, 1.0, 2.3);38

(0.2, 1.0, 2.2);38

(1.9, 1.0, -2.8);130

(1.9, 1.0, -2.7);130

(1.9, 1.0, -2.6);130

(-2.8, 1.0, -0.8);39

(3.3, 1.0, -1.2);179

(-0.2, 1.0, 0.2);68

(-0.1, 1.0, 0.1);68

(-0.1, 1.0, 0.2);68

(-0.1, 1.0, 0.3);68

(0.0, 1.0, 0.2);68

(-0.6, 1.0, -0.3);68

(-0.5, 1.0, -0.3);68

(-0.5, 1.0, -0.2);68

(-0.4, 1.0, -0.3);68

(4.6, 1.0, 0.2);192

(4.7, 1.0, 0.1);192

(4.7, 1.0, 0.2);192

(4.7, 1.0, 0.3);192

(4.8, 1.0, 0.2);192

(-0.1, 1.0, 0.2);68

(0.0, 1.0, 0.1);68

(0.0, 1.0, 0.2);68

(0.0, 1.0, 0.3);68

(0.1, 1.0, 0.2);68

(-2.9, 1.0, 3.1);25

(-2.8, 1.0, 3.0);25

(-2.8, 1.0, 3.1);25

(-2.8, 1.0, 3.2);25

(-2.7, 1.0, 3.1);25

(-2.6, 1.0, 1.2);24

(3.3, 1.0, -2.8);177

(3.4, 1.0, -2.9);177

(3.4, 1.0, -2.8);177

(3.4, 1.0, -2.7);177

(-1.9, 1.0, 2.4);21

(-1.9, 1.0, 2.5);21

(-0.1, 1.0, -1.2);152

(-2.4, 1.0, -1.1);37

(3.2, 1.0, -2.5);177

(3.3, 1.0, -2.6);177

(3.3, 1.0, -2.5);177

(3.3, 1.0, -2.4);177

(3.4, 1.0, -2.5);177

(3.3, 1.0, -1.1);179

(2.1, 1.0, -0.2);203

(2.2, 1.0, -0.3);203

(2.2, 1.0, -0.2);203

(2.2, 1.0, -0.1);203

(2.3, 1.0, -0.2);203

(-3.1, 1.0, 1.9);24

(0.1, 1.0, -1.9);147

(3.2, 1.0, 0.3);203

(3.3, 1.0, 0.2);203

(3.3, 1.0, 0.3);203

(3.3, 1.0, 0.4);203

(3.4, 1.0, 0.3);203

(-1.7, 1.0, -0.1);67

(-1.7, 1.0, 0.0);67

(-1.7, 1.0, 0.1);67

(4.7, 1.0, -0.1);192

(4.8, 1.0, -0.2);192

(4.8, 1.0, -0.1);192

(4.8, 1.0, 0.0);192

(4.9, 1.0, -0.1);192

(-0.3, 1.0, -2.6);150

(-0.2, 1.0, -2.7);150

(-0.2, 1.0, -2.6);150

(-0.2, 1.0, -2.5);150

(-0.1, 1.0, -2.6);150

(2.9, 1.0, -0.4);203

(3.0, 1.0, -0.4);203

(3.0, 1.0, -0.3);203

(3.1, 1.0, -0.4);203

(4.6, 1.0, -0.4);192

(4.7, 1.0, -0.4);192

(4.7, 1.0, -0.3);192

(4.8, 1.0, -0.4);192

(0.0, 1.0, 0.5);68

(0.1, 1.0, 0.4);68

(0.1, 1.0, 0.5);68

(0.1, 1.0, 0.6);68

(0.2, 1.0, 0.5);68

(-4.0, 1.0, 2.3);25

(-3.9, 1.0, 2.2);25

(-3.9, 1.0, 2.3);25

(-3.9, 1.0, 2.4);25

(-3.8, 1.0, 2.3);25

(4.3, 1.0, -2.3);224

(4.4, 1.0, -2.4);224

(4.4, 1.0, -2.3);224

(4.4, 1.0, -2.2);224

(4.5, 1.0, -2.3);224

(3.2, 1.0, -2.9);177

(3.3, 1.0, -3.0);177

(3.3, 1.0, -2.9);177

(3.3, 1.0, -2.8);177

(3.4, 1.0, -2.9);177

(0.4, 1.0, 2.2);38

(0.5, 1.0, 2.2);38

(0.5, 1.0, 2.3);38

(0.3, 1.0, 0.6);68

(0.4, 1.0, 0.5);68

(0.4, 1.0, 0.6);68

(0.3, 1.0, -1.6);149

(0.2, 1.0, -2.3);150

(0.3, 1.0, -2.4);150

(0.3, 1.0, -2.3);150

(0.3, 1.0, -2.2);150

(0.4, 1.0, -2.3);150

(-4.6, 1.0, -2.9);100

(-4.5, 1.0, -3.0);100

(-4.5, 1.0, -2.9);100

(-4.5, 1.0, -2.8);100

(-4.4, 1.0, -2.9);100

(-2.7, 1.0, 1.5);24

(-0.1, 1.0, 0.1);68

(0.0, 1.0, 0.0);68

(0.0, 1.0, 0.1);68

(0.0, 1.0, 0.2);68

(0.1, 1.0, 0.1);68

(-2.8, 1.0, -2.9);79

(-2.7, 1.0, -3.0);79

(-2.7, 1.0, -2.9);79

(-2.7, 1.0, -2.8);79

(-2.6, 1.0, -2.9);79

(-1.1, 1.0, 0.5);66

(-1.1, 1.0, 0.6);66

(-1.7, 1.0, 2.1);21

(-1.7, 1.0, 2.2);21

(1.3, 1.0, 2.4);38

(1.3, 1.0, 2.5);38

(-2.6, 1.0, -0.2);67

(-2.5, 1.0, -0.3);67

(-2.5, 1.0, -0.2);67

(-2.5, 1.0, -0.1);67

(-2.4, 1.0, -0.2);67

(5.7, 1.0, 0.1);192

(5.8, 1.0, 0.0);192

(5.8, 1.0, 0.1);192

(5.8, 1.0, 0.2);192

(5.9, 1.0, 0.1);192

(0.4, 1.0, -2.5);150

(0.5, 1.0, -2.6);150

(0.5, 1.0, -2.5);150

(0.5, 1.0, -2.4);150

(-2.5, 1.0, 1.8);23

(-2.3, 1.0, -3.0);79

(-2.2, 1.0, -3.1);79

(-2.2, 1.0, -3.0);79

(-2.2, 1.0, -2.9);79

(-2.1, 1.0, -3.0);79

(-4.4, 1.0, 3.1);25

(-4.4, 1.0, 3.2);25

(-4.3, 1.0, 3.1);25

(-2.8, 1.0, 2.7);25

(-2.7, 1.0, 2.6);25

(-2.7, 1.0, 2.7);25

(-2.7, 1.0, 2.8);25

(-2.6, 1.0, 2.7);25

(3.3, 1.0, 0.8);181

(6.1, 1.0, -0.6);66

(-2.8, 1.0, -1.1);40

(1.8, 1.0, -0.2);66

(1.8, 1.0, -0.1);66

(1.8, 1.0, 0.0);66

(0.4, 1.0, -0.2);68

(0.5, 1.0, -0.3);68

(0.5, 1.0, -0.2);68

(0.5, 1.0, -0.1);68

(2.4, 1.0, -0.2);203

(2.5, 1.0, -0.3);203

(2.5, 1.0, -0.2);203

(2.5, 1.0, -0.1);203

(2.6, 1.0, -0.2);203

(3.4, 1.0, 0.0);203

(3.5, 1.0, -0.1);203

(3.5, 1.0, 0.0);203

(3.5, 1.0, 0.1);203

(3.6, 1.0, 0.0);203

(-1.2, 1.0, 2.4);20

(-1.2, 1.0, 2.5);20

(-1.4, 1.0, -0.3);67

(-1.4, 1.0, -0.2);67

(-2.9, 1.0, -1.4);41

(-3.0, 1.0, 3.0);25

(-2.9, 1.0, 2.9);25

(-2.9, 1.0, 3.0);25

(-2.9, 1.0, 3.1);25

(-2.8, 1.0, 3.0);25

(3.7, 1.0, -0.6);66

(-1.1, 1.0, -2.8);130

(-1.1, 1.0, -2.7);130

(-1.1, 1.0, -2.6);130

(-1.8, 1.0, 0.4);67

(-1.8, 1.0, 0.5);67

(-1.8, 1.0, 0.6);67

(5.3, 1.0, -0.1);192

(5.4, 1.0, -0.2);192

(5.4, 1.0, -0.1);192

(5.4, 1.0, 0.0);192

(5.5, 1.0, -0.1);192

(-2.0, 1.0, 2.3);22

(-2.0, 1.0, 2.4);22

(-2.0, 1.0, 2.5);22

(-3.6, 1.0, 2.8);25

(-3.5, 1.0, 2.7);25

(-3.5, 1.0, 2.8);25

(-3.5, 1.0, 2.9);25

(-3.4, 1.0, 2.8);25

(2.3, 1.0, -3.0);177

(2.4, 1.0, -3.1);177

(2.4, 1.0, -3.0);177

(2.4, 1.0, -2.9);177

(2.5, 1.0, -3.0);177

(5.7, 1.0, 0.3);192

(5.8, 1.0, 0.2);192

(5.8, 1.0, 0.3);192

(5.8, 1.0, 0.4);192

(5.9, 1.0, 0.3);192

(3.1, 1.0, -1.3);180

(0.4, 1.0, -1.1);151

(-3.1, 1.0, 3.4);25

(-3.0, 1.0, 3.3);25

(-3.0, 1.0, 3.4);25

(-3.0, 1.0, 3.5);25

(-2.9, 1.0, 3.4);25

(0.4, 1.0, -1.7);147

(2.8, 1.0, -0.9);181

(-2.9, 1.0, -0.2);67

(-2.8, 1.0, -0.3);67

(-2.8, 1.0, -0.2);67

(-2.8, 1.0, -0.1);67

(-2.7, 1.0, -0.2);67

(-1.5, 1.0, -3.1);93

(-1.5, 1.0, -3.0);93

(-1.5, 1.0, -2.9);93

(-2.6, 1.0, 3.5);25

(-2.5, 1.0, 3.4);25

(-2.5, 1.0, 3.5);24

(0.4, 1.0, 0.7);68

(4.7, 1.0, -0.6);66

(-0.4, 1.0, -0.2);68

(-0.3, 1.0, -0.3);68

(-0.3, 1.0, -0.2);68

(-0.3, 1.0, -0.1);68

(-0.2, 1.0, -0.2);68

(4.4, 1.0, -1.1);175

(-1.8, 1.0, -0.3);67

(-1.8, 1.0, -0.2);67

(1.5, 1.0, -0.4);66

(1.5, 1.0, -0.3);66

(3.4, 1.0, -0.8);180

(-1.4, 1.0, 1.0);67

(-1.4, 1.0, 1.1);67

(-1.9, 1.0, -3.1);88

(-1.9, 1.0, -3.0);88

(-1.9, 1.0, -2.9);88

(0.0, 1.0, -2.7);150

(0.1, 1.0, -2.8);150

(0.1, 1.0, -2.7);150

(0.1, 1.0, -2.6);150

(0.2, 1.0, -2.7);150

(-1.5, 1.0, 2.0);21

(-2.6, 1.0, -1.5);39

(0.2, 1.0, -1.3);151

(-2.7, 1.0, -2.3);79

(-2.6, 1.0, -2.4);79

(-2.6, 1.0, -2.3);79

(-2.6, 1.0, -2.2);79

(-2.5, 1.0, -2.3);79

(2.9, 1.0, 0.3);203

(3.0, 1.0, 0.2);203

(3.0, 1.0, 0.3);203

(3.0, 1.0, 0.4);203

(3.1, 1.0, 0.3);203

(-1.7, 1.0, 0.0);67

(-1.7, 1.0, 0.1);67

(-1.7, 1.0, 0.2);67

(5.4, 1.0, 0.0);192

(5.5, 1.0, -0.1);192

(5.5, 1.0, 0.0);192

(5.5, 1.0, 0.1);192

(5.6, 1.0, 0.0);192

(-0.2, 1.0, -2.2);150

(-0.2, 1.0, -2.1);150

(-0.2, 1.0, -2.0);150

(-0.1, 1.0, -2.1);150

(-3.1, 1.0, 1.8);24

(-0.3, 1.0, -0.1);68

(-0.2, 1.0, -0.2);68

(-0.2, 1.0, -0.1);68

(-0.2, 1.0, 0.0);68

(-0.1, 1.0, -0.1);68

(4.0, 1.0, 0.0);192

(4.0, 1.0, 0.1);192

(4.0, 1.0, 0.2);192

(4.1, 1.0, 0.1);192

(-3.8, 1.0, 3.1);25

(-3.7, 1.0, 3.0);25

(-3.7, 1.0, 3.1);25

(-3.7, 1.0, 3.2);25

(-3.6, 1.0, 3.1);25

(3.1, 1.0, 2.2);224

(3.2, 1.0, 2.2);224

(3.2, 1.0, 2.3);224

(4.6, 1.0, -0.9);175

(2.0, 1.0, -2.6);177

(2.1, 1.0, -2.7);177

(2.1, 1.0, -2.6);177

(2.1, 1.0, -2.5);177

(2.2, 1.0, -2.6);177

(2.9, 1.0, -2.5);177

(3.0, 1.0, -2.6);177

(3.0, 1.0, -2.5);177

(3.0, 1.0, -2.4);177

(3.1, 1.0, -2.5);177

(-1.0, 1.0, 0.2);66

(-1.0, 1.0, 0.3);66

(-1.0, 1.0, 0.4);66

(3.5, 1.0, -1.3);178

(6.4, 1.0, -0.8);66

(0.9, 1.0, -2.7);130

(1.0, 1.0, -2.8);130

(1.0, 1.0, -2.7);130

(1.0, 1.0, -2.6);130

(3.1, 1.0, 0.5);203

(3.2, 1.0, 0.4);203

(3.2, 1.0, 0.5);203

(3.2, 1.0, 0.6);203

(3.3, 1.0, 0.5);203

(3.4, 1.0, -0.9);179

(0.4, 1.0, -2.9);150

(0.5, 1.0, -3.0);150

(0.5, 1.0, -2.9);150

(0.5, 1.0, -2.8);150

(-1.3, 1.0, -0.3);67

(-1.3, 1.0, -0.2);67

(-1.3, 1.0, -0.1);67

(0.3, 1.0, -1.7);148

(-4.5, 1.0, 3.3);25

(-4.4, 1.0, 3.2);25

(-4.4, 1.0, 3.3);25

(-4.4, 1.0, 3.4);25

(-4.3, 1.0, 3.3);25

(-3.9, 1.0, 2.5);25

(-3.8, 1.0, 2.4);25

(-3.8, 1.0, 2.5);25

(-3.8, 1.0, 2.6);25

(-3.7, 1.0, 2.5);25

(3.1, 1.0, 2.3);224

(3.2, 1.0, 2.2);224

(3.2, 1.0, 2.3);224

(3.2, 1.0, 2.4);224

(0.9, 1.0, 2.4);38

(1.0, 1.0, 2.3);38

(1.0, 1.0, 2.4);38

(1.0, 1.0, 2.5);38

(-1.5, 1.0, -3.0);93

(-1.5, 1.0, -2.9);93

(-1.5, 1.0, -2.8);93

(3.1, 1.0, 1.1);182

(3.2, 1.0, 1.1);182

(-1.2, 1.0, -0.3);67

(-1.2, 1.0, -0.2);67

(-1.2, 1.0, -0.1);67

(0.7, 1.0, -3.0);130

(0.7, 1.0, -2.9);130

(0.7, 1.0, -2.8);130

(-2.5, 1.0, -2.3);79

(-2.4, 1.0, -2.4);79

(-2.4, 1.0, -2.3);79

(-2.4, 1.0, -2.2);79

(-2.3, 1.0, -2.3);79

(3.3, 1.0, -2.9);177

(3.4, 1.0, -3.0);177

(3.4, 1.0, -2.9);177

(3.4, 1.0, -2.8);177

(3.0, 1.0, -1.6);179

(5.9, 1.0, 0.0);192

(6.0, 1.0, -0.1);192

(6.0, 1.0, 0.0);192

(6.0, 1.0, 0.1);192

(6.1, 1.0, 0.0);192

(-4.7, 1.0, -2.7);100

(-4.6, 1.0, -2.8);100

(-4.6, 1.0, -2.7);100

(-4.6, 1.0, -2.6);100

(-4.5, 1.0, -2.7);100

(4.8, 1.0, 0.0);192

(4.9, 1.0, -0.1);192

(4.9, 1.0, 0.0);192

(4.9, 1.0, 0.1);192

(5.0, 1.0, 0.0);192

(6.0, 1.0, -0.6);66

(-2.8, 1.0, 1.1);29

(-2.7, 1.0, 1.1);29

(-2.6, 1.0, 1.1);29

(-3.9, 1.0, 2.7);25

(-3.8, 1.0, 2.6);25

(-3.8, 1.0, 2.7);25

(-3.8, 1.0, 2.8);25

(-3.7, 1.0, 2.7);25

(-2.8, 1.0, -2.1);79

(-2.7, 1.0, -2.2);79

(-2.7, 1.0, -2.1);79

(-2.7, 1.0, -2.0);79

(-2.6, 1.0, -2.1);79

(-4.1, 1.0, -1.7);88

(-1.5, 1.0, 2.4);21

(-1.5, 1.0, 2.5);21

(4.7, 1.0, -1.4);169

(4.5, 1.0, -2.1);224

(4.6, 1.0, -2.2);224

(4.6, 1.0, -2.1);224

(4.6, 1.0, -2.0);224

(4.7, 1.0, -2.1);224

(-0.4, 1.0, -2.8);150

(-0.3, 1.0, -2.9);150

(-0.3, 1.0, -2.8);150

(-0.3, 1.0, -2.7);150

(-0.2, 1.0, -2.8);150

(1.4, 1.0, -2.9);130

(1.4, 1.0, -2.8);130

(1.4, 1.0, -2.7);130

(5.7, 1.0, -0.9);66

(3.9, 1.0, -1.3);175

(4.0, 1.0, -3.1);224

(4.1, 1.0, -3.1);224

(4.2, 1.0, -3.1);224

(0.7, 1.0, -0.2);66

(0.7, 1.0, -0.1);66

(0.7, 1.0, 0.0);66

(-1.7, 1.0, -2.9);91

(-1.7, 1.0, -2.8);91

(-1.7, 1.0, -2.7);91

(-2.7, 1.0, 2.8);25

(-2.6, 1.0, 2.7);25

(-2.6, 1.0, 2.8);25

(-2.6, 1.0, 2.9);25

(-2.5, 1.0, 2.8);25

(0.1, 1.0, -1.0);152

(4.7, 1.0, 0.1);192

(4.8, 1.0, 0.0);192

(4.8, 1.0, 0.1);192

(4.8, 1.0, 0.2);192

(4.9, 1.0, 0.1);192

(-3.9, 1.0, 2.8);25

(-3.8, 1.0, 2.7);25

(-3.8, 1.0, 2.8);25

(-3.8, 1.0, 2.9);25

(-3.7, 1.0, 2.8);25

(3.3, 1.0, -2.6);177

(3.4, 1.0, -2.7);177

(3.4, 1.0, -2.6);177

(3.4, 1.0, -2.5);177

(-0.2, 1.0, -2.3);150

(-0.1, 1.0, -2.4);150

(-0.1, 1.0, -2.3);150

(-0.1, 1.0, -2.2);150

(0.0, 1.0, -2.3);150

(2.8, 1.0, 0.7);182

(1.4, 1.0, -3.0);130

(1.4, 1.0, -2.9);130

(1.4, 1.0, -2.8);130

(-4.6, 1.0, 3.5);25

(-4.5, 1.0, 3.4);25

(-4.5, 1.0, 3.5);25

(-4.4, 1.0, 3.5);25

(4.4, 1.0, -0.4);192

(4.5, 1.0, -0.4);192

(4.5, 1.0, -0.3);192

(4.6, 1.0, -0.4);192

(-2.5, 1.0, -1.4);38

(-0.2, 1.0, 0.0);68

(-0.1, 1.0, -0.1);68

(-0.1, 1.0, 0.0);68

(-0.1, 1.0, 0.1);68

(0.0, 1.0, 0.0);68

(-2.9, 1.0, 2.1);23

(-2.9, 1.0, 2.2);25

(-2.4, 1.0, 0.9);24

(-3.1, 1.0, -2.8);79

(-3.0, 1.0, -2.9);79

(-3.0, 1.0, -2.8);79

(-3.0, 1.0, -2.7);79

(-2.9, 1.0, -2.8);79

(-2.0, 1.0, 0.4);67

(-2.0, 1.0, 0.5);67

(-2.0, 1.0, 0.6);67

(-1.8, 1.0, 0.7);67

(-2.4, 1.0, -2.6);79

(-2.3, 1.0, -2.7);79

(-2.3, 1.0, -2.6);79

(-2.3, 1.0, -2.5);79

(-2.2, 1.0, -2.6);79

(-5.1, 1.0, 3.3);9

(-5.0, 1.0, 3.3);25

(-5.0, 1.0, 3.4);9

(-4.9, 1.0, 3.3);25

(6.0, 1.0, 0.4);192

(6.1, 1.0, 0.3);192

(6.1, 1.0, 0.4);192

(6.1, 1.0, 0.5);192

(6.2, 1.0, 0.4);192

(-0.1, 1.0, 2.4);38

(0.0, 1.0, 2.3);38

(0.0, 1.0, 2.4);38

(0.0, 1.0, 2.5);38

(0.1, 1.0, 2.4);38

(2.2, 1.0, -0.1);203

(2.3, 1.0, -0.2);203

(2.3, 1.0, -0.1);203

(2.3, 1.0, 0.0);203

(2.4, 1.0, -0.1);203

(3.0, 1.0, -2.7);177

(3.1, 1.0, -2.8);177

(3.1, 1.0, -2.7);177

(3.1, 1.0, -2.6);177

(3.2, 1.0, -2.7);177

(-0.1, 1.0, -0.7);154

(-3.3, 1.0, 2.1);24

(-3.3, 1.0, 2.2);25

(-0.5, 1.0, -2.8);150

(-0.4, 1.0, -2.9);150

(-0.4, 1.0, -2.8);150

(-0.4, 1.0, -2.7);150

(-0.3, 1.0, -2.8);150

(4.9, 1.0, 0.4);192

(5.0, 1.0, 0.3);192

(5.0, 1.0, 0.4);192

(5.0, 1.0, 0.5);192

(5.1, 1.0, 0.4);192

(-0.2, 1.0, 2.4);38

(-0.1, 1.0, 2.3);38

(-0.1, 1.0, 2.4);38

(-0.1, 1.0, 2.5);38

(0.0, 1.0, 2.4);38

(3.7, 1.0, -2.2);177

(3.8, 1.0, -2.3);177

(3.8, 1.0, -2.2);177

(3.8, 1.0, -2.1);177

(3.9, 1.0, -2.2);177

(5.9, 1.0, 0.1);192

(6.0, 1.0, 0.0);192

(6.0, 1.0, 0.1);192

(6.0, 1.0, 0.2);192

(6.1, 1.0, 0.1);192

(-2.4, 1.0, -3.1);79

(-2.3, 1.0, -3.1);79

(-2.3, 1.0, -3.0);79

(-2.2, 1.0, -3.1);79

(3.9, 1.0, -0.7);66

(4.7, 1.0, -0.8);66

(-4.8, 1.0, -3.0);100

(-4.8, 1.0, -2.9);100

(-4.8, 1.0, -2.8);100

(-4.7, 1.0, -2.9);100

(-3.8, 1.0, 2.2);25

(-3.7, 1.0, 2.2);25

(-3.7, 1.0, 2.3);25

(-3.6, 1.0, 2.2);25

(6.4, 1.0, 0.6);192

(6.5, 1.0, 0.5);192

(6.5, 1.0, 0.6);192

(-2.9, 1.0, 0.8);32

(6.0, 1.0, 0.5);192

(6.1, 1.0, 0.4);192

(6.1, 1.0, 0.5);192

(6.1, 1.0, 0.6);192

(6.2, 1.0, 0.5);192

(-3.4, 1.0, 2.9);25

(-3.3, 1.0, 2.8);25

(-3.3, 1.0, 2.9);25

(-3.3, 1.0, 3.0);25

(-3.2, 1.0, 2.9);25

(2.7, 1.0, -1.6);153

(3.6, 1.0, -0.9);179

(3.1, 1.0, 0.2);203

(3.2, 1.0, 0.1);203

(3.2, 1.0, 0.2);203

(3.2, 1.0, 0.3);203

(3.3, 1.0, 0.2);203

(-2.7, 1.0, 3.5);25

(-2.6, 1.0, 3.4);25

(-2.6, 1.0, 3.5);25

(-2.5, 1.0, 3.5);24

(-0.3, 1.0, -0.3);68

(-0.2, 1.0, -0.4);68

(-0.2, 1.0, -0.3);68

(-0.2, 1.0, -0.2);68

(-0.1, 1.0, -0.3);68

(2.8, 1.0, 1.1);182

(2.9, 1.0, 1.1);182

(3.0, 1.0, 1.1);182

(0.2, 1.0, -0.5);65

(0.2, 1.0, -0.4);68

(-3.1, 1.0, -2.0);79

(-3.0, 1.0, -2.1);79

(-3.0, 1.0, -2.0);79

(-2.9, 1.0, -2.0);79

(6.3, 1.0, -0.3);192

(6.4, 1.0, -0.4);192

(6.4, 1.0, -0.3);192

(6.4, 1.0, -0.2);192

(6.5, 1.0, -0.3);192

(2.8, 1.0, 1.6);182

(4.2, 1.0, 0.6);192

(4.3, 1.0, 0.5);192

(4.3, 1.0, 0.6);192

(4.4, 1.0, 0.6);192

(4.4, 1.0, 0.2);192

(4.5, 1.0, 0.1);192

(4.5, 1.0, 0.2);192

(4.5, 1.0, 0.3);192

(4.6, 1.0, 0.2);192

(-2.9, 1.0, 0.2);67

(-2.9, 1.0, 0.3);67

(-2.9, 1.0, 0.4);67

(-2.8, 1.0, 0.3);67

(-1.1, 1.0, -2.7);130

(-1.1, 1.0, -2.6);130

(-1.1, 1.0, -2.5);130

(-4.4, 1.0, -1.7);88

(-1.9, 1.0, 2.0);22

(-2.2, 1.0, 2.1);22

(-2.2, 1.0, 2.2);25

(3.9, 1.0, -0.5);66

(3.9, 1.0, -0.4);203

(4.8, 1.0, 0.1);192

(4.9, 1.0, 0.0);192

(4.9, 1.0, 0.1);192

(4.9, 1.0, 0.2);192

(5.0, 1.0, 0.1);192

(-2.9, 1.0, -2.6);79

(-2.8, 1.0, -2.7);79

(-2.8, 1.0, -2.6);79

(-2.8, 1.0, -2.5);79

(-2.7, 1.0, -2.6);79

(2.8, 1.0, 1.8);37

(0.0, 1.0, 1.2);68

(2.0, 1.0, 2.0);37

(3.7, 1.0, -1.7);170

(2.9, 1.0, -2.1);177

(3.0, 1.0, -2.2);177

(3.0, 1.0, -2.1);177

(3.0, 1.0, -2.0);177

(3.1, 1.0, -2.1);177

(-4.1, 1.0, 3.0);25

(-4.0, 1.0, 2.9);25

(-4.0, 1.0, 3.0);25

(-4.0, 1.0, 3.1);25

(-3.9, 1.0, 3.0);25

(5.8, 1.0, -0.8);66

(2.6, 1.0, -3.1);177

(2.7, 1.0, -3.1);177

(2.7, 1.0, -3.0);177

(2.8, 1.0, -3.1);177

(1.8, 1.0, -0.4);66

(1.8, 1.0, -0.3);66

(-0.7, 1.0, 0.0);66

(-0.7, 1.0, 0.1);66

(-0.7, 1.0, 0.2);66

(0.4, 1.0, 0.9);68

(-2.7, 1.0, -0.5);37

(-2.7, 1.0, -0.4);67

(3.5, 1.0, 0.1);203

(3.6, 1.0, 0.0);203

(3.6, 1.0, 0.1);203

(3.6, 1.0, 0.2);203

(3.7, 1.0, 0.1);203

(-3.0, 1.0, 2.9);25

(-2.9, 1.0, 2.8);25

(-2.9, 1.0, 2.9);25

(-2.9, 1.0, 3.0);25

(-2.8, 1.0, 2.9);25

(4.6, 1.0, -1.8);153

(3.1, 1.0, -2.5);177

(3.2, 1.0, -2.6);177

(3.2, 1.0, -2.5);177

(3.2, 1.0, -2.4);177

(3.3, 1.0, -2.5);177

(-2.5, 1.0, 0.9);24

(1.9, 1.0, -2.5);130

(1.9, 1.0, -2.4);130

(3.3, 1.0, -3.0);177

(3.4, 1.0, -3.1);177

(3.4, 1.0, -3.0);177

(3.4, 1.0, -2.9);177

(3.5, 1.0, -3.0);177

(0.5, 1.0, 1.9);19

(-2.7, 1.0, 0.9);26

(0.3, 1.0, 1.3);68

(-0.1, 1.0, -2.1);150

(0.0, 1.0, -2.2);150

(0.0, 1.0, -2.1);150

(0.0, 1.0, -2.0);150

(0.1, 1.0, -2.1);150

(-1.3, 1.0, 0.3);67

(-1.3, 1.0, 0.4);67

(-1.3, 1.0, 0.5);67

(4.4, 1.0, -1.9);141

(-2.4, 1.0, -2.8);79

(-2.3, 1.0, -2.9);79

(-2.3, 1.0, -2.8);79

(-2.3, 1.0, -2.7);79

(-2.2, 1.0, -2.8);79

(2.8, 1.0, -0.3);203

(2.9, 1.0, -0.4);203

(2.9, 1.0, -0.3);203

(2.9, 1.0, -0.2);203

(3.0, 1.0, -0.3);203

(4.0, 1.0, -0.2);192

(4.1, 1.0, -0.3);192

(4.1, 1.0, -0.2);192

(4.1, 1.0, -0.1);192

(4.2, 1.0, -0.2);192

(2.5, 1.0, -0.4);203

(2.6, 1.0, -0.4);203

(2.6, 1.0, -0.3);203

(2.7, 1.0, -0.4);203

(5.6, 1.0, 0.0);192

(5.7, 1.0, -0.1);192

(5.7, 1.0, 0.0);192

(5.7, 1.0, 0.1);192

(5.8, 1.0, 0.0);192

(1.9, 1.0, -3.1);130

(1.9, 1.0, -3.0);130

(1.9, 1.0, -2.9);130

(-2.6, 1.0, -1.8);39

(4.2, 1.0, -1.5);171

(0.3, 1.0, -0.1);68

(0.4, 1.0, -0.2);68

(0.4, 1.0, -0.1);68

(0.4, 1.0, 0.0);68

(0.5, 1.0, -0.1);68

(-0.3, 1.0, -2.4);150

(-0.2, 1.0, -2.5);150

(-0.2, 1.0, -2.4);150

(-0.2, 1.0, -2.3);150

(-0.1, 1.0, -2.4);150

(0.6, 1.0, -2.8);130

(0.6, 1.0, -2.7);130

(0.6, 1.0, -2.6);130

(-0.7, 1.0, -2.8);130

(-0.7, 1.0, -2.7);130

(-0.7, 1.0, -2.6);130

(0.4, 1.0, -0.5);66

(0.4, 1.0, -0.4);68

(5.9, 1.0, -0.2);192

(6.0, 1.0, -0.3);192

(6.0, 1.0, -0.2);192

(6.0, 1.0, -0.1);192

(6.1, 1.0, -0.2);192

(5.6, 1.0, 0.3);192

(5.7, 1.0, 0.2);192

(5.7, 1.0, 0.3);192

(5.7, 1.0, 0.4);192

(5.8, 1.0, 0.3);192

(3.5, 1.0, -3.1);177

(3.6, 1.0, -3.1);177

(3.7, 1.0, -3.1);177

(1.0, 1.0, 2.1);18

(1.0, 1.0, 2.2);38

(-0.9, 1.0, -2.7);130

(-0.9, 1.0, -2.6);130

(-0.9, 1.0, -2.5);130

(-1.2, 1.0, 2.1);20

(-1.2, 1.0, 2.2);20

(-2.1, 1.0, 2.0);22

(-4.0, 1.0, 2.2);25

(-3.9, 1.0, 2.2);25

(-3.9, 1.0, 2.3);25

(-3.8, 1.0, 2.2);25

(-2.4, 1.0, 2.6);25

(-2.3, 1.0, 2.5);25

(-2.3, 1.0, 2.6);25

(-3.2, 1.0, -1.8);42

(4.7, 1.0, -0.4);192

(4.8, 1.0, -0.4);192

(4.8, 1.0, -0.3);192

(4.9, 1.0, -0.4);192

(4.2, 1.0, -0.4);192

(4.3, 1.0, -0.4);192

(4.3, 1.0, -0.3);192

(4.4, 1.0, -0.4);192

(-0.1, 1.0, -1.8);151

(5.0, 1.0, -0.5);66

(5.0, 1.0, -0.4);192

(4.1, 1.0, -2.2);224

(4.2, 1.0, -2.3);224

(4.2, 1.0, -2.2);224

(4.2, 1.0, -2.1);224

(4.3, 1.0, -2.2);224

(1.2, 1.0, 2.3);38

(1.2, 1.0, 2.4);38

(1.2, 1.0, 2.5);38

(-1.4, 1.0, 0.8);67

(6.3, 1.0, 0.0);192

(6.4, 1.0, -0.1);192

(6.4, 1.0, 0.0);192

(6.4, 1.0, 0.1);192

(6.5, 1.0, 0.0);192

(3.2, 1.0, -2.0);177

(3.3, 1.0, -2.1);177

(3.3, 1.0, -2.0);177

(3.4, 1.0, -2.0);177

(3.1, 1.0, -2.2);177

(3.2, 1.0, -2.3);177

(3.2, 1.0, -2.2);177

(3.2, 1.0, -2.1);177

(3.3, 1.0, -2.2);177

(5.4, 1.0, 0.2);192

(5.5, 1.0, 0.1);192

(5.5, 1.0, 0.2);192

(5.5, 1.0, 0.3);192

(5.6, 1.0, 0.2);192

(1.6, 1.0, -2.5);130

(1.6, 1.0, -2.4);130

(2.8, 1.0, 0.0);203

(2.9, 1.0, -0.1);203

(2.9, 1.0, 0.0);203

(2.9, 1.0, 0.1);203

(3.0, 1.0, 0.0);203

(1.1, 1.0, -0.1);66

(1.1, 1.0, 0.0);66

(4.1, 1.0, -1.1);176

(-1.1, 1.0, 2.2);20

(-1.1, 1.0, 2.3);20

(4.2, 1.0, -0.2);192

(4.3, 1.0, -0.3);192

(4.3, 1.0, -0.2);192

(4.3, 1.0, -0.1);192

(4.4, 1.0, -0.2);192

(1.7, 1.0, -2.6);130

(1.7, 1.0, -2.5);130

(1.7, 1.0, -2.4);130

(3.5, 1.0, 0.6);203

(3.6, 1.0, 0.5);203

(3.6, 1.0, 0.6);203

(3.7, 1.0, 0.6);203

(1.3, 1.0, 2.2);38

(1.3, 1.0, 2.3);38

(2.7, 1.0, 0.0);203

(2.8, 1.0, -0.1);203

(2.8, 1.0, 0.0);203

(2.8, 1.0, 0.1);203

(2.9, 1.0, 0.0);203

(-4.0, 1.0, 2.8);25

(-3.9, 1.0, 2.7);25

(-3.9, 1.0, 2.8);25

(-3.9, 1.0, 2.9);25

(-3.8, 1.0, 2.8);25

(1.7, 1.0, 2.1);37

(5.3, 1.0, -0.4);192

(5.4, 1.0, -0.4);192

(5.4, 1.0, -0.3);192

(5.5, 1.0, -0.4);192

(-1.6, 1.0, 2.4);21

(-1.6, 1.0, 2.5);21

(-1.1, 1.0, 2.1);20

(-1.1, 1.0, 2.2);20

(-0.9, 1.0, 2.1);20

(-0.9, 1.0, 2.2);20

(3.0, 1.0, 1.3);182

(0.1, 1.0, -2.5);150

(0.2, 1.0, -2.6);150

(0.2, 1.0, -2.5);150

(0.2, 1.0, -2.4);150

(0.3, 1.0, -2.5);150

(1.1, 1.0, -2.7);130

(1.1, 1.0, -2.6);130

(1.1, 1.0, -2.5);130

(3.1, 1.0, -2.3);177

(3.2, 1.0, -2.4);177

(3.2, 1.0, -2.3);177

(3.2, 1.0, -2.2);177

(3.3, 1.0, -2.3);177

(5.4, 1.0, -0.1);192

(5.5, 1.0, -0.2);192

(5.5, 1.0, -0.1);192

(5.5, 1.0, 0.0);192

(5.6, 1.0, -0.1);192

(-3.1, 1.0, -2.9);79

(-3.0, 1.0, -3.0);79

(-3.0, 1.0, -2.9);79

(-3.0, 1.0, -2.8);79

(-2.9, 1.0, -2.9);79

(0.1, 1.0, 2.1);19

(0.1, 1.0, 2.2);38

(2.8, 1.0, 2.0);37

(2.0, 1.0, -2.9);177

(2.1, 1.0, -3.0);177

(2.1, 1.0, -2.9);177

(2.1, 1.0, -2.8);177

(2.2, 1.0, -2.9);177

(2.9, 1.0, 0.5);203

(3.0, 1.0, 0.4);203

(3.0, 1.0, 0.5);203

(3.0, 1.0, 0.6);203

(3.1, 1.0, 0.5);203

(-1.2, 1.0, -0.1);67

(-1.2, 1.0, 0.0);67

(-1.2, 1.0, 0.1);67

(-1.4, 1.0, -2.9);95

(-1.4, 1.0, -2.8);95

(-1.4, 1.0, -2.7);95

(-0.6, 1.0, -2.6);150

(-0.5, 1.0, -2.7);150

(-0.5, 1.0, -2.6);150

(-0.5, 1.0, -2.5);150

(-0.4, 1.0, -2.6);150

(5.7, 1.0, -0.3);192

(5.8, 1.0, -0.4);192

(5.8, 1.0, -0.3);192

(5.8, 1.0, -0.2);192

(5.9, 1.0, -0.3);192

(4.4, 1.0, -0.7);66

(0.2, 1.0, 0.2);68

(0.3, 1.0, 0.1);68

(0.3, 1.0, 0.2);68

(0.3, 1.0, 0.3);68

(0.4, 1.0, 0.2);68

(-1.3, 1.0, -3.1);97

(-1.3, 1.0, -3.0);97

(-1.3, 1.0, -2.9);97

(-2.9, 1.0, -3.0);79

(-2.8, 1.0, -3.1);79

(-2.8, 1.0, -3.0);79

(-2.8, 1.0, -2.9);79

(-2.7, 1.0, -3.0);79

(2.5, 1.0, 2.5);224

(2.6, 1.0, 2.4);224

(2.6, 1.0, 2.5);224

(2.7, 1.0, 2.5);224

(-2.5, 1.0, 1.1);29

(-2.4, 1.0, 1.1);29

(0.3, 1.0, -3.0);150

(0.4, 1.0, -3.1);150

(0.4, 1.0, -3.0);150

(0.4, 1.0, -2.9);150

(0.5, 1.0, -3.0);150

(-2.9, 1.0, -0.9);40

(2.9, 1.0, 1.4);182

(3.5, 1.0, -0.7);66

(-3.2, 1.0, 3.4);25

(-3.1, 1.0, 3.3);25

(-3.1, 1.0, 3.4);25

(-3.1, 1.0, 3.5);25

(-3.0, 1.0, 3.4);25

(-2.0, 1.0, -0.2);67

(-2.0, 1.0, -0.1);67

(-2.0, 1.0, 0.0);67

(5.6, 1.0, -0.8);66

(-1.4, 1.0, -3.0);95

(-1.4, 1.0, -2.9);95

(-1.4, 1.0, -2.8);95

(-3.0, 1.0, 3.5);25

(-2.9, 1.0, 3.4);25

(-2.9, 1.0, 3.5);25

(-2.8, 1.0, 3.5);25

(0.4, 1.0, 0.2);68

(0.5, 1.0, 0.1);68

(0.5, 1.0, 0.2);68

(-2.5, 1.0, -1.7);38

(-0.8, 1.0, -2.6);130

(-0.8, 1.0, -2.5);130

(-0.8, 1.0, -2.4);130

(-2.6, 1.0, -0.7);37

(0.2, 1.0, -1.8);148

(0.0, 1.0, -0.7);65

(3.0, 1.0, -0.6);66

(5.3, 1.0, -0.7);66

(-3.6, 1.0, 3.3);25

(-3.5, 1.0, 3.2);25

(-3.5, 1.0, 3.3);25

(-3.5, 1.0, 3.4);25

(-3.4, 1.0, 3.3);25

(-0.5, 1.0, 2.0);20

(2.7, 1.0, -2.2);177

(2.7, 1.0, -2.1);177

(2.7, 1.0, -2.0);177

(2.8, 1.0, -2.1);177

(4.7, 1.0, -1.0);174

(-4.8, 1.0, -3.1);100

(-4.7, 1.0, -3.1);100

(-4.7, 1.0, -3.0);100

(-4.6, 1.0, -3.1);100

(-0.3, 1.0, -0.4);68

(-0.2, 1.0, -0.4);68

(-0.2, 1.0, -0.3);68

(-0.1, 1.0, -0.4);68

(4.1, 1.0, 0.0);192

(4.2, 1.0, -0.1);192

(4.2, 1.0, 0.0);192

(4.2, 1.0, 0.1);192

(4.3, 1.0, 0.0);192

(0.0, 1.0, -3.1);150

(0.1, 1.0, -3.1);150

(0.1, 1.0, -3.0);150

(0.2, 1.0, -3.1);150

(-1.4, 1.0, 2.1);21

(-1.4, 1.0, 2.2);21

(3.0, 1.0, -0.3);203

(3.1, 1.0, -0.4);203

(3.1, 1.0, -0.3);203

(3.1, 1.0, -0.2);203

(3.2, 1.0, -0.3);203

(3.3, 1.0, 0.5);203

(3.4, 1.0, 0.4);203

(3.4, 1.0, 0.5);203

(3.4, 1.0, 0.6);203

(3.5, 1.0, 0.5);203

(2.5, 1.0, -3.0);177

(2.6, 1.0, -3.1);177

(2.6, 1.0, -3.0);177

(2.6, 1.0, -2.9);177

(2.7, 1.0, -3.0);177

(0.9, 1.0, 2.0);18

(-3.3, 1.0, -2.7);79

(-3.3, 1.0, -2.6);79

(-3.3, 1.0, -2.5);79

(-3.2, 1.0, -2.6);79

(-1.5, 1.0, 0.5);67

(-1.5, 1.0, 0.6);67

(3.0, 1.0, 1.4);182

(0.1, 1.0, 0.8);68

(-3.0, 1.0, 2.1);23

(-3.0, 1.0, 2.2);25

(-2.9, 1.0, 1.4);24

(5.2, 1.0, 0.5);192

(5.3, 1.0, 0.4);192

(5.3, 1.0, 0.5);192

(5.3, 1.0, 0.6);192

(5.4, 1.0, 0.5);192

(0.0, 1.0, -2.2);150

(0.1, 1.0, -2.3);150

(0.1, 1.0, -2.2);150

(0.1, 1.0, -2.1);150

(0.2, 1.0, -2.2);150

(-0.4, 1.0, -2.4);150

(-0.3, 1.0, -2.5);150

(-0.3, 1.0, -2.4);150

(-0.3, 1.0, -2.3);150

(-0.2, 1.0, -2.4);150

(-3.8, 1.0, 3.5);25

(-3.7, 1.0, 3.4);25

(-3.7, 1.0, 3.5);25

(-3.6, 1.0, 3.5);25

(0.0, 1.0, 1.3);68

(-1.1, 1.0, 2.0);21

(0.1, 1.0, -0.9);152

(2.4, 1.0, 2.4);224

(2.5, 1.0, 2.3);224

(2.5, 1.0, 2.4);224

(2.5, 1.0, 2.5);224

(2.6, 1.0, 2.4);224

(0.1, 1.0, 0.9);68

(-3.5, 1.0, 2.1);24

(-3.5, 1.0, 2.2);25

(2.9, 1.0, -2.0);177

(3.0, 1.0, -2.1);177

(3.0, 1.0, -2.0);177

(3.1, 1.0, -2.0);177

(-2.2, 1.0, -3.1);79

(-2.1, 1.0, -3.1);79

(-2.1, 1.0, -3.0);79

(-2.5, 1.0, -2.2);79

(-2.4, 1.0, -2.3);79

(-2.4, 1.0, -2.2);79

(-2.4, 1.0, -2.1);79

(0.7, 1.0, -0.1);66

(0.7, 1.0, 0.0);66

(0.0, 1.0, -1.4);151

(-1.8, 1.0, 2.0);22

(3.6, 1.0, -0.1);203

(3.7, 1.0, -0.2);203

(3.7, 1.0, -0.1);203

(3.7, 1.0, 0.0);203

(3.8, 1.0, -0.1);203

(5.9, 1.0, 0.3);192

(6.0, 1.0, 0.2);192

(6.0, 1.0, 0.3);192

(6.0, 1.0, 0.4);192

(6.1, 1.0, 0.3);192

(-2.7, 1.0, 1.9);23

(-2.5, 1.0, -1.6);38

(3.4, 1.0, -2.1);177

(3.5, 1.0, -2.2);177

(3.5, 1.0, -2.1);177

(3.5, 1.0, -2.0);177

(3.6, 1.0, -2.1);177

(-2.4, 1.0, 1.5);24

(-0.9, 1.0, -0.3);66

(-0.9, 1.0, -0.2);66

(4.3, 1.0, -1.9);143

(0.4, 1.0, -2.4);150

(0.5, 1.0, -2.5);150

(0.5, 1.0, -2.4);150

(0.5, 1.0, -2.3);150

(-4.8, 1.0, -3.0);100

(-4.7, 1.0, -3.1);100

(-4.7, 1.0, -3.0);100

(-4.7, 1.0, -2.9);100

(-4.6, 1.0, -3.0);100

(3.3, 1.0, -0.8);180

(3.6, 1.0, -1.1);178

(-0.7, 1.0, -3.1);130

(-0.7, 1.0, -3.0);130

(-1.5, 1.0, -0.1);67

(-1.5, 1.0, 0.0);67

(-1.5, 1.0, 0.1);67

(0.8, 1.0, 2.4);38

(0.8, 1.0, 2.5);38

(0.7, 1.0, -2.5);130

(0.7, 1.0, -2.4);130

(4.2, 1.0, -0.3);192

(4.3, 1.0, -0.4);192

(4.3, 1.0, -0.3);192

(4.3, 1.0, -0.2);192

(4.4, 1.0, -0.3);192

(-2.5, 1.0, -2.8);79

(-2.4, 1.0, -2.9);79

(-2.4, 1.0, -2.8);79

(-2.4, 1.0, -2.7);79

(-2.3, 1.0, -2.8);79

(2.8, 1.0, -0.4);203

(2.9, 1.0, -0.4);203

(2.9, 1.0, -0.3);203

(3.0, 1.0, -0.4);203

(-3.7, 1.0, 3.2);25

(-3.6, 1.0, 3.1);25

(-3.6, 1.0, 3.2);25

(-3.6, 1.0, 3.3);25

(-3.5, 1.0, 3.2);25

(-4.7, 1.0, -2.2);100

(-4.6, 1.0, -2.3);100

(-4.6, 1.0, -2.2);100

(-4.6, 1.0, -2.1);100

(-4.5, 1.0, -2.2);100

(2.9, 1.0, 0.9);182

(0.3, 1.0, 1.1);68

(0.4, 1.0, 1.1);68

(4.3, 1.0, -1.3);173

(0.9, 1.0, -2.8);130

(0.9, 1.0, -2.7);130

(0.9, 1.0, -2.6);130

(1.0, 1.0, -2.7);130

(-2.8, 1.0, -2.6);79

(-2.7, 1.0, -2.7);79

(-2.7, 1.0, -2.6);79

(-2.7, 1.0, -2.5);79

(-2.6, 1.0, -2.6);79

(-3.8, 1.0, 1.9);25

(-0.1, 1.0, 0.5);68

(0.0, 1.0, 0.4);68

(0.0, 1.0, 0.5);68

(0.0, 1.0, 0.6);68

(0.1, 1.0, 0.5);68

(-0.4, 1.0, -0.1);68

(-0.3, 1.0, -0.2);68

(-0.3, 1.0, -0.1);68

(-0.3, 1.0, 0.0);68

(-0.2, 1.0, -0.1);68

(-0.3, 1.0, -2.4);150

(-0.3, 1.0, -2.3);150

(-0.2, 1.0, -2.3);150

(3.1, 1.0, -1.2);180

(3.4, 1.0, -0.7);66

(-2.4, 1.0, 0.1);67

(-2.3, 1.0, 0.0);67

(-2.3, 1.0, 0.1);67

(-2.3, 1.0, 0.2);67

(-2.2, 1.0, 0.1);67

(3.0, 1.0, -2.8);177

(3.1, 1.0, -2.9);177

(3.1, 1.0, -2.8);177

(3.1, 1.0, -2.7);177

(3.2, 1.0, -2.8);177

(4.8, 1.0, -0.4);192

(4.9, 1.0, -0.4);192

(4.9, 1.0, -0.3);192

(5.0, 1.0, -0.4);192

(-2.7, 1.0, 2.3);25

(-2.6, 1.0, 2.2);25

(-2.6, 1.0, 2.3);25

(-2.6, 1.0, 2.4);25

(-2.5, 1.0, 2.3);25

(-3.9, 1.0, 2.3);25

(-3.8, 1.0, 2.2);25

(-3.8, 1.0, 2.3);25

(-3.8, 1.0, 2.4);25

(-3.7, 1.0, 2.3);25

(3.3, 1.0, -3.1);177

(3.4, 1.0, -3.1);177

(3.4, 1.0, -3.0);177

(3.5, 1.0, -3.1);177

(3.8, 1.0, -1.4);175

(-1.9, 1.0, 0.5);67

(-1.9, 1.0, 0.6);67

(-4.5, 1.0, -3.0);100

(-4.4, 1.0, -3.1);100

(-4.4, 1.0, -3.0);100

(-4.4, 1.0, -2.9);100

(1.4, 1.0, -2.5);130

(1.4, 1.0, -2.4);130

(-2.9, 1.0, -1.7);41

(3.7, 1.0, -0.9);178

(-3.0, 1.0, 2.6);25

(-2.9, 1.0, 2.5);25

(-2.9, 1.0, 2.6);25

(-2.9, 1.0, 2.7);25

(-2.8, 1.0, 2.6);25

(-2.7, 1.0, 1.8);24

(-1.5, 1.0, 1.0);67

(-1.5, 1.0, 1.1);74

(-4.6, 1.0, -2.3);100

(-4.5, 1.0, -2.4);100

(-4.5, 1.0, -2.3);100

(-4.5, 1.0, -2.2);100

(-4.4, 1.0, -2.3);100

(2.7, 1.0, 2.1);37

(2.7, 1.0, 2.2);224

(0.2, 1.0, -1.9);145

(-2.9, 1.0, 1.7);24

(6.4, 1.0, 0.5);192

(6.5, 1.0, 0.4);192

(6.5, 1.0, 0.5);192

(6.5, 1.0, 0.6);192

(2.0, 1.0, -0.4);203

(2.0, 1.0, -0.3);203

(2.0, 1.0, -0.2);203

(2.1, 1.0, -0.3);203

(-2.8, 1.0, 2.3);25

(-2.7, 1.0, 2.2);25

(-2.7, 1.0, 2.3);25

(-2.7, 1.0, 2.4);25

(-2.6, 1.0, 2.3);25

(-1.2, 1.0, -2.7);98

(-1.2, 1.0, -2.6);98

(-1.2, 1.0, -2.5);98

(-0.7, 1.0, -0.3);66

(-0.7, 1.0, -0.2);66

(-0.7, 1.0, -0.1);66

(-1.3, 1.0, 2.4);20

(-1.3, 1.0, 2.5);20

(-0.7, 1.0, -0.3);66

(-0.7, 1.0, -0.2);66

(3.1, 1.0, 2.5);224

(3.2, 1.0, 2.4);224

(3.2, 1.0, 2.5);224

(4.4, 1.0, -1.6);167

(3.0, 1.0, -2.2);177

(3.1, 1.0, -2.3);177

(3.1, 1.0, -2.2);177

(3.1, 1.0, -2.1);177

(3.2, 1.0, -2.2);177

(-2.6, 1.0, -2.0);79

(-2.5, 1.0, -2.1);79

(-2.5, 1.0, -2.0);79

(-2.4, 1.0, -2.0);79

(-3.2, 1.0, 3.2);25

(-3.1, 1.0, 3.1);25

(-3.1, 1.0, 3.2);25

(-3.1, 1.0, 3.3);25

(-3.0, 1.0, 3.2);25

(3.1, 1.0, 1.7);37

(3.7, 1.0, -0.7);66

(1.8, 1.0, -2.7);130

(1.8, 1.0, -2.6);130

(1.8, 1.0, -2.5);130

(-1.9, 1.0, 0.1);67

(-1.9, 1.0, 0.2);67

(-1.9, 1.0, 0.3);67

(1.1, 1.0, 2.2);38

(1.1, 1.0, 2.3);38

(1.7, 1.0, -0.4);66

(1.7, 1.0, -0.3);66

(1.7, 1.0, -0.2);66

(-2.8, 1.0, -0.6);39

(6.4, 1.0, -0.3);192

(6.5, 1.0, -0.4);192

(6.5, 1.0, -0.3);192

(6.5, 1.0, -0.2);192

(0.4, 1.0, -1.3);150

(-2.4, 1.0, 1.0);24

(-2.4, 1.0, 1.1);29

(3.0, 1.0, 1.0);182

(3.0, 1.0, 1.1);182

(-1.6, 1.0, -2.5);92

(-1.6, 1.0, -2.4);92

(0.3, 1.0, -0.2);68

(0.4, 1.0, -0.3);68

(0.4, 1.0, -0.2);68

(0.4, 1.0, -0.1);68

(0.5, 1.0, -0.2);68

(4.5, 1.0, 0.3);192

(4.6, 1.0, 0.2);192

(4.6, 1.0, 0.3);192

(4.6, 1.0, 0.4);192

(4.7, 1.0, 0.3);192

(-1.0, 1.0, 2.2);20

(-1.0, 1.0, 2.3);20

(-1.0, 1.0, 2.4);20

(-4.1, 1.0, 1.8);25

(6.2, 1.0, -0.5);66

(6.2, 1.0, -0.4);192

(-3.4, 1.0, 2.4);25

(-3.3, 1.0, 2.3);25

(-3.3, 1.0, 2.4);25

(-3.3, 1.0, 2.5);25

(-3.2, 1.0, 2.4);25

(-3.1, 1.0, -1.7);42

(-2.6, 1.0, 1.3);24

(4.8, 1.0, 0.4);192

(4.9, 1.0, 0.3);192

(4.9, 1.0, 0.4);192

(4.9, 1.0, 0.5);192

(5.0, 1.0, 0.4);192

(2.3, 1.0, 2.5);224

(2.4, 1.0, 2.4);224

(2.4, 1.0, 2.5);224

(2.5, 1.0, 2.5);224

(2.7, 1.0, -1.1);182

(-2.7, 1.0, 3.0);25

(-2.6, 1.0, 2.9);25

(-2.6, 1.0, 3.0);25

(-2.6, 1.0, 3.1);25

(-2.5, 1.0, 3.0);25

(4.6, 1.0, -3.1);224

(4.7, 1.0, -3.1);224

(4.7, 1.0, -3.0);224

(0.2, 1.0, 0.5);68

(0.3, 1.0, 0.4);68

(0.3, 1.0, 0.5);68

(0.3, 1.0, 0.6);68

(0.4, 1.0, 0.5);68

(1.1, 1.0, 2.1);18

(1.1, 1.0, 2.2);38

(0.9, 1.0, -0.2);66

(0.9, 1.0, -0.1);66

(0.9, 1.0, 0.0);66

(1.0, 1.0, -0.1);66

(-0.6, 1.0, 2.1);19

(-0.6, 1.0, 2.2);38

(3.5, 1.0, -2.4);177

(3.6, 1.0, -2.4);177

(3.6, 1.0, -2.3);177

(3.7, 1.0, -2.4);177

(-3.6, 1.0, -1.8);88

(-1.1, 1.0, 0.2);66

(-1.1, 1.0, 0.3);66

(-1.1, 1.0, 0.4);66

(-0.4, 1.0, 2.1);19

(-0.4, 1.0, 2.2);38

(-2.4, 1.0, -1.3);37

(-2.6, 1.0, 0.1);67

(-2.5, 1.0, 0.0);67

(-2.5, 1.0, 0.1);67

(-2.5, 1.0, 0.2);67

(-2.4, 1.0, 0.1);67

(-2.3, 1.0, -2.8);79

(-2.2, 1.0, -2.9);79

(-2.2, 1.0, -2.8);79

(-2.2, 1.0, -2.7);79

(-2.1, 1.0, -2.8);79

(-2.3, 1.0, 2.5);25

(-2.2, 1.0, 2.4);25

(-2.2, 1.0, 2.5);25

(-2.1, 1.0, 2.5);25

(4.5, 1.0, 0.7);180

(-2.4, 1.0, 1.3);24

(0.5, 1.0, -0.5);66

(0.5, 1.0, -0.4);68

(3.5, 1.0, -1.7);172

(2.9, 1.0, -0.8);181

(-2.5, 1.0, -0.5);34

(-2.5, 1.0, -0.4);67

(-2.9, 1.0, -2.1);79

(-2.8, 1.0, -2.2);79

(-2.8, 1.0, -2.1);79

(-2.8, 1.0, -2.0);79

(-2.7, 1.0, -2.1);79

(-2.6, 1.0, -0.4);67

(-2.5, 1.0, -0.4);67

(-2.5, 1.0, -0.3);67

(-2.4, 1.0, -0.4);67

(1.7, 1.0, -0.2);66

(1.7, 1.0, -0.1);66

(1.7, 1.0, 0.0);66

(3.7, 1.0, -0.4);203

(3.8, 1.0, -0.4);203

(3.8, 1.0, -0.3);203

(3.9, 1.0, -0.4);203

(0.9, 1.0, -0.3);66

(0.9, 1.0, -0.2);66

(0.9, 1.0, -0.1);66

(1.0, 1.0, -0.2);66

(1.2, 1.0, -3.1);130

(1.2, 1.0, -3.0);130

(-4.1, 1.0, 3.5);25

(-4.0, 1.0, 3.4);25

(-4.0, 1.0, 3.5);25

(-3.9, 1.0, 3.5);25

(5.4, 1.0, -0.8);66

(5.7, 1.0, -0.7);66

(3.1, 1.0, -1.1);180

(-3.0, 1.0, 3.4);25

(-2.9, 1.0, 3.3);25

(-2.9, 1.0, 3.4);25

(-2.9, 1.0, 3.5);25

(-2.8, 1.0, 3.4);25

(2.6, 1.0, -3.0);177

(2.7, 1.0, -3.1);177

(2.7, 1.0, -3.0);177

(2.7, 1.0, -2.9);177

(2.8, 1.0, -3.0);177

(-1.4, 1.0, 2.2);21

(-1.4, 1.0, 2.3);21

(-1.4, 1.0, 2.4);21

(-4.1, 1.0, 2.1);25

(-4.1, 1.0, 2.2);25

(-3.9, 1.0, 2.0);25

(0.8, 1.0, -3.1);130

(0.8, 1.0, -3.0);130

(3.7, 1.0, -0.8);179

(3.3, 1.0, -0.1);203

(3.4, 1.0, -0.2);203

(3.4, 1.0, -0.1);203

(3.4, 1.0, 0.0);203

(3.5, 1.0, -0.1);203

(-3.6, 1.0, 2.2);25

(-3.5, 1.0, 2.2);25

(-3.5, 1.0, 2.3);25

(-3.4, 1.0, 2.2);25

(3.5, 1.0, -1.2);178

(-0.1, 1.0, -0.9);152

(5.1, 1.0, 0.3);192

(5.2, 1.0, 0.2);192

(5.2, 1.0, 0.3);192

(5.2, 1.0, 0.4);192

(5.3, 1.0, 0.3);192

(2.4, 1.0, -2.9);177

(2.5, 1.0, -3.0);177

(2.5, 1.0, -2.9);177

(2.5, 1.0, -2.8);177

(2.6, 1.0, -2.9);177

(3.7, 1.0, -0.3);203

(3.8, 1.0, -0.4);203

(3.8, 1.0, -0.3);203

(3.8, 1.0, -0.2);203

(3.9, 1.0, -0.3);203

(-2.4, 1.0, -2.3);79

(-2.3, 1.0, -2.4);79

(-2.3, 1.0, -2.3);79

(3.7, 1.0, -0.2);203

(3.8, 1.0, -0.3);203

(3.8, 1.0, -0.2);203

(3.8, 1.0, -0.1);203

(3.9, 1.0, -0.2);203

(-0.6, 1.0, -0.2);68

(-0.5, 1.0, -0.3);68

(-0.5, 1.0, -0.2);68

(-0.5, 1.0, -0.1);68

(-0.4, 1.0, -0.2);68

(-2.2, 1.0, 2.2);25

(-2.1, 1.0, 2.2);25

(-2.1, 1.0, 2.3);25

(3.1, 1.0, 0.7);182

(5.5, 1.0, -0.9);66

(2.8, 1.0, 2.4);224

(2.9, 1.0, 2.3);224

(2.9, 1.0, 2.4);224

(2.9, 1.0, 2.5);224

(3.0, 1.0, 2.4);224

(4.8, 1.0, 0.2);192

(4.9, 1.0, 0.1);192

(4.9, 1.0, 0.2);192

(4.9, 1.0, 0.3);192

(5.0, 1.0, 0.2);192

(3.2, 1.0, -0.5);66

(3.2, 1.0, -0.4);203

(3.1, 1.0, 1.4);182

(-2.9, 1.0, -1.5);41

(-0.3, 1.0, -2.9);150

(-0.2, 1.0, -3.0);150

(-0.2, 1.0, -2.9);150

(-0.2, 1.0, -2.8);150

(-0.1, 1.0, -2.9);150

(-1.8, 1.0, 2.2);21

(-1.8, 1.0, 2.3);21

(-1.8, 1.0, 2.4);21

(-1.9, 1.0, -2.7);88

(-1.9, 1.0, -2.6);88

(-1.9, 1.0, -2.5);88

(3.2, 1.0, -1.8);173

(-3.7, 1.0, 3.1);25

(-3.6, 1.0, 3.0);25

(-3.6, 1.0, 3.1);25

(-3.6, 1.0, 3.2);25

(-3.5, 1.0, 3.1);25

(-3.5, 1.0, -1.8);88

(4.2, 1.0, -0.5);66

(4.2, 1.0, -0.4);192

(-3.8, 1.0, 2.9);25

(-3.7, 1.0, 2.8);25

(-3.7, 1.0, 2.9);25

(-3.7, 1.0, 3.0);25

(-3.6, 1.0, 2.9);25

(2.7, 1.0, -1.2);182

(0.2, 1.0, 2.1);19

(0.2, 1.0, 2.2);38

(-4.0, 1.0, 2.7);25

(-3.9, 1.0, 2.6);25

(-3.9, 1.0, 2.7);25

(-3.9, 1.0, 2.8);25

(-3.8, 1.0, 2.7);25

(0.6, 1.0, -2.5);130

(0.6, 1.0, -2.4);130

(-3.9, 1.0, 3.1);25

(-3.8, 1.0, 3.0);25

(-3.8, 1.0, 3.1);25

(-3.8, 1.0, 3.2);25

(-3.7, 1.0, 3.1);25

(-4.4, 1.0, 3.2);25

(-4.3, 1.0, 3.1);25

(-4.3, 1.0, 3.2);25

(-4.3, 1.0, 3.3);25

(-4.2, 1.0, 3.2);25

(2.9, 1.0, 2.1);38

(2.9, 1.0, 2.2);224

(2.9, 1.0, -0.9);181

(-1.9, 1.0, -0.2);67

(-1.9, 1.0, -0.1);67

(-1.9, 1.0, 0.0);67

(-3.1, 1.0, 1.7);24

(4.1, 1.0, -0.3);192

(4.2, 1.0, -0.4);192

(4.2, 1.0, -0.3);192

(4.2, 1.0, -0.2);192

(4.3, 1.0, -0.3);192

(0.7, 1.0, 2.2);38

(0.7, 1.0, 2.3);38

(3.1, 1.0, -2.7);177

(3.2, 1.0, -2.8);177

(3.2, 1.0, -2.7);177

(3.2, 1.0, -2.6);177

(3.3, 1.0, -2.7);177

(3.0, 1.0, 0.7);182

(0.5, 1.0, 2.0);18

(-3.7, 1.0, 3.4);25

(-3.6, 1.0, 3.3);25

(-3.6, 1.0, 3.4);25

(-3.6, 1.0, 3.5);25

(-3.5, 1.0, 3.4);25

(-1.5, 1.0, 0.0);67

(-1.5, 1.0, 0.1);67

(-1.5, 1.0, 0.2);67

(4.6, 1.0, 0.6);192

(4.7, 1.0, 0.5);192

(4.7, 1.0, 0.6);192

(4.8, 1.0, 0.6);192

(-2.5, 1.0, 1.5);24

(-3.6, 1.0, 1.8);25

(-4.2, 1.0, 3.0);25

(-4.1, 1.0, 2.9);25

(-4.