(2.69677,1,-3.759441;265)|(2.69677,1,-3.759441;264)
(2.69677,1,-3.759441;265)|(2.59677,1,-3.759441;264)
(2.69677,1,-3.759441;265)|(2.59677,1,-3.759441;264)
(2.69677,1,-3.759441;265)|(2.79677,1,-3.759441;264)
(2.69677,1,-3.759441;265)|(2.59677,1,-3.759441;264)
(2.69677,1,-3.759441;265)|(2.79677,1,-3.759441;264)
(2.69677,1,-3.759441;265)|(2.69677,1,-3.759441;264)
(2.69677,1,-3.759441;265)|(2.79677,1,-3.759441;264)
(2.69677,1,-3.759441;265)|(2.69677,1,-3.759441;264)
(2.59677,1,-3.859441;265)|(2.69677,1,-3.859441;264)
(2.59677,1,-3.859441;265)|(2.59677,1,-3.859441;264)
(2.59677,1,-3.859441;265)|(2.49677,1,-3.859441;264)
(2.59677,1,-3.859441;265)|(2.49677,1,-3.859441;264)
(2.59677,1,-3.859441;265)|(2.59677,1,-3.859441;264)
(2.59677,1,-3.859441;265)|(2.59677,1,-3.859441;264)
(2.59677,1,-3.859441;265)|(2.49677,1,-3.859441;264)
(2.59677,1,-3.859441;265)|(2.69677,1,-3.859441;264)
(2.59677,1,-3.859441;265)|(2.69677,1,-3.859441;264)
(3.496769,1,-3.859441;265)|(3.496769,1,-3.859441;264)
(3.496769,1,-3.859441;265)|(3.396769,1,-3.859441;264)
(3.496769,1,-3.859441;265)|(3.396769,1,-3.859441;264)
(3.496769,1,-3.859441;265)|(3.396769,1,-3.859441;264)
(3.496769,1,-3.859441;265)|(3.496769,1,-3.859441;264)
(2.89677,1,-3.759441;265)|(2.89677,1,-3.759441;264)
(2.89677,1,-3.759441;265)|(2.99677,1,-3.759441;264)
(2.89677,1,-3.759441;265)|(2.99677,1,-3.759441;264)
(2.89677,1,-3.759441;265)|(2.79677,1,-3.759441;264)
(2.89677,1,-3.759441;265)|(2.89677,1,-3.759441;264)
(2.89677,1,-3.759441;265)|(2.79677,1,-3.759441;264)
(2.89677,1,-3.759441;265)|(2.79677,1,-3.759441;264)
(3.396769,1,-3.959441;265)|(3.496769,1,-3.959441;264)
(3.396769,1,-3.959441;265)|(3.396769,1,-3.959441;264)
(3.396769,1,-3.959441;265)|(3.396769,1,-3.959441;264)
(3.396769,1,-3.959441;265)|(3.296769,1,-3.959441;264)
(3.396769,1,-3.959441;265)|(3.296769,1,-3.959441;264)
(2.59677,1,-3.359441;265)|(2.59677,1,-3.359441;264)
(2.59677,1,-3.359441;265)|(2.49677,1,-3.359441;264)
(2.59677,1,-3.359441;265)|(2.59677,1,-3.359441;264)
(2.59677,1,-3.359441;265)|(2.49677,1,-3.359441;264)
(2.59677,1,-3.359441;265)|(2.69677,1,-3.359441;264)
(2.59677,1,-3.359441;265)|(2.69677,1,-3.359441;264)
(2.99677,1,-3.759441;265)|(2.89677,1,-3.759441;264)
(2.99677,1,-3.759441;265)|(2.99677,1,-3.759441;264)
(2.99677,1,-3.759441;265)|(3.09677,1,-3.759441;264)
(2.99677,1,-3.759441;265)|(2.99677,1,-3.759441;264)
(2.99677,1,-3.759441;265)|(2.89677,1,-3.759441;264)
(2.99677,1,-3.759441;265)|(3.09677,1,-3.759441;264)
(2.49677,1,-3.459441;265)|(2.59677,1,-3.459441;264)
(2.49677,1,-3.459441;265)|(2.49677,1,-3.459441;264)
(2.49677,1,-3.459441;265)|(2.59677,1,-3.459441;264)
(2.49677,1,-3.459441;265)|(2.49677,1,-3.459441;264)
(2.49677,1,-3.459441;265)|(2.59677,1,-3.459441;264)
(2.49677,1,-3.459441;265)|(2.39677,1,-3.459441;264)
(2.49677,1,-3.459441;265)|(2.39677,1,-3.459441;264)
(2.49677,1,-3.459441;265)|(2.39677,1,-3.459441;264)
(2.49677,1,-3.459441;265)|(2.49677,1,-3.459441;264)
(2.79677,1,-3.959441;265)|(2.79677,1,-3.959441;264)
(2.79677,1,-3.959441;265)|(2.89677,1,-3.959441;264)
(2.79677,1,-3.959441;265)|(2.89677,1,-3.959441;264)
(2.79677,1,-3.959441;265)|(2.69677,1,-3.959441;264)
(2.79677,1,-3.959441;265)|(2.79677,1,-3.959441;264)
(2.79677,1,-3.959441;265)|(2.69677,1,-3.959441;264)
(3.09677,1,-3.959441;265)|(3.09677,1,-3.959441;264)
(3.09677,1,-3.959441;265)|(2.99677,1,-3.959441;264)
(3.09677,1,-3.959441;265)|(3.196769,1,-3.959441;264)
(3.09677,1,-3.959441;265)|(3.196769,1,-3.959441;264)
(3.09677,1,-3.959441;265)|(3.09677,1,-3.959441;264)
(3.09677,1,-3.959441;265)|(2.99677,1,-3.959441;264)
(2.49677,1,-3.959441;265)|(2.59677,1,-3.959441;264)
(2.49677,1,-3.959441;265)|(2.49677,1,-3.959441;264)
(2.49677,1,-3.959441;265)|(2.59677,1,-3.959441;264)
(2.49677,1,-3.959441;265)|(2.49677,1,-3.959441;264)
(2.49677,1,-3.959441;265)|(2.39677,1,-3.959441;264)
(2.49677,1,-3.959441;265)|(2.39677,1,-3.959441;264)
(2.79677,1,-3.459441;265)|(2.79677,1,-3.459441;264)
(2.79677,1,-3.459441;265)|(2.79677,1,-3.459441;264)
(2.79677,1,-3.459441;265)|(2.69677,1,-3.459441;264)
(2.79677,1,-3.459441;265)|(2.69677,1,-3.459441;264)
(2.79677,1,-3.459441;265)|(2.69677,1,-3.459441;264)
(2.79677,1,-3.459441;265)|(2.79677,1,-3.459441;264)
(2.39677,1,-3.659441;265)|(2.39677,1,-3.659441;264)
(2.39677,1,-3.659441;265)|(2.39677,1,-3.659441;264)
(2.39677,1,-3.659441;265)|(2.49677,1,-3.659441;264)
(2.39677,1,-3.659441;265)|(2.49677,1,-3.659441;264)
(2.39677,1,-3.659441;265)|(2.39677,1,-3.659441;264)
(2.39677,1,-3.659441;265)|(2.49677,1,-3.659441;264)
(3.396769,1,-3.859441;265)|(3.496769,1,-3.859441;264)
(3.396769,1,-3.859441;265)|(3.396769,1,-3.859441;264)
(3.396769,1,-3.859441;265)|(3.396769,1,-3.859441;264)
(3.396769,1,-3.859441;265)|(3.296769,1,-3.859441;264)
(3.396769,1,-3.859441;265)|(3.296769,1,-3.859441;264)
(3.396769,1,-3.859441;265)|(3.396769,1,-3.859441;264)
(3.396769,1,-3.859441;265)|(3.496769,1,-3.859441;264)
(3.396769,1,-3.859441;265)|(3.296769,1,-3.859441;264)
(3.09677,1,-3.759441;265)|(2.99677,1,-3.759441;264)
(3.09677,1,-3.759441;265)|(3.09677,1,-3.759441;264)
(3.09677,1,-3.759441;265)|(2.99677,1,-3.759441;264)
(3.09677,1,-3.759441;265)|(3.196769,1,-3.759441;264)
(3.09677,1,-3.759441;265)|(3.196769,1,-3.759441;264)
(3.09677,1,-3.759441;265)|(3.09677,1,-3.759441;264)
(2.99677,1,-3.859441;265)|(2.89677,1,-3.859441;264)
(2.99677,1,-3.859441;265)|(2.99677,1,-3.859441;264)
(2.99677,1,-3.859441;265)|(3.09677,1,-3.859441;264)
(2.99677,1,-3.859441;265)|(3.09677,1,-3.859441;264)
(2.99677,1,-3.859441;265)|(2.99677,1,-3.859441;264)
(2.99677,1,-3.859441;265)|(2.89677,1,-3.859441;264)
(2.99677,1,-3.859441;265)|(2.89677,1,-3.859441;264)
(2.99677,1,-3.859441;265)|(3.09677,1,-3.859441;264)
(2.99677,1,-3.859441;265)|(2.99677,1,-3.859441;264)
(2.79677,1,-3.559441;265)|(2.79677,1,-3.559441;264)
(2.79677,1,-3.559441;265)|(2.79677,1,-3.559441;264)
(2.79677,1,-3.559441;265)|(2.79677,1,-3.559441;264)
(2.79677,1,-3.559441;265)|(2.69677,1,-3.559441;264)
(2.79677,1,-3.559441;265)|(2.69677,1,-3.559441;264)
(2.79677,1,-3.559441;265)|(2.69677,1,-3.559441;264)
(2.39677,1,-3.759441;265)|(2.39677,1,-3.759441;264)
(2.39677,1,-3.759441;265)|(2.39677,1,-3.759441;264)
(2.39677,1,-3.759441;265)|(2.49677,1,-3.759441;264)
(2.39677,1,-3.759441;265)|(2.49677,1,-3.759441;264)
(2.39677,1,-3.759441;265)|(2.49677,1,-3.759441;264)
(2.39677,1,-3.759441;265)|(2.39677,1,-3.759441;264)
(2.89677,1,-3.959441;265)|(2.79677,1,-3.959441;264)
(2.89677,1,-3.959441;265)|(2.99677,1,-3.959441;264)
(2.89677,1,-3.959441;265)|(2.89677,1,-3.959441;264)
(2.89677,1,-3.959441;265)|(2.89677,1,-3.959441;264)
(2.89677,1,-3.959441;265)|(2.79677,1,-3.959441;264)
(2.89677,1,-3.959441;265)|(2.99677,1,-3.959441;264)
(2.59677,1,-3.659441;265)|(2.69677,1,-3.659441;264)
(2.59677,1,-3.659441;265)|(2.59677,1,-3.659441;264)
(2.59677,1,-3.659441;265)|(2.49677,1,-3.659441;264)
(2.59677,1,-3.659441;265)|(2.49677,1,-3.659441;264)
(2.59677,1,-3.659441;265)|(2.59677,1,-3.659441;264)
(2.59677,1,-3.659441;265)|(2.59677,1,-3.659441;264)
(2.59677,1,-3.659441;265)|(2.69677,1,-3.659441;264)
(2.59677,1,-3.659441;265)|(2.69677,1,-3.659441;264)
(2.59677,1,-3.659441;265)|(2.49677,1,-3.659441;264)
(3.296769,1,-3.759441;265)|(3.396769,1,-3.759441;264)
(3.296769,1,-3.759441;265)|(3.296769,1,-3.759441;264)
(3.296769,1,-3.759441;265)|(3.296769,1,-3.759441;264)
(3.296769,1,-3.759441;265)|(3.196769,1,-3.759441;264)
(3.296769,1,-3.759441;265)|(3.196769,1,-3.759441;264)
(3.296769,1,-3.759441;265)|(3.396769,1,-3.759441;264)
(3.196769,1,-3.959441;265)|(3.09677,1,-3.959441;264)
(3.196769,1,-3.959441;265)|(3.196769,1,-3.959441;264)
(3.196769,1,-3.959441;265)|(3.296769,1,-3.959441;264)
(3.196769,1,-3.959441;265)|(3.196769,1,-3.959441;264)
(3.196769,1,-3.959441;265)|(3.09677,1,-3.959441;264)
(3.196769,1,-3.959441;265)|(3.296769,1,-3.959441;264)
(2.49677,1,-3.759441;265)|(2.59677,1,-3.759441;264)
(2.49677,1,-3.759441;265)|(2.39677,1,-3.759441;264)
(2.49677,1,-3.759441;265)|(2.39677,1,-3.759441;264)
(2.49677,1,-3.759441;265)|(2.59677,1,-3.759441;264)
(2.49677,1,-3.759441;265)|(2.49677,1,-3.759441;264)
(2.49677,1,-3.759441;265)|(2.49677,1,-3.759441;264)
(2.49677,1,-3.759441;265)|(2.59677,1,-3.759441;264)
(2.49677,1,-3.759441;265)|(2.49677,1,-3.759441;264)
(2.49677,1,-3.759441;265)|(2.39677,1,-3.759441;264)
(2.59677,1,-3.959441;265)|(2.59677,1,-3.959441;264)
(2.59677,1,-3.959441;265)|(2.49677,1,-3.959441;264)
(2.59677,1,-3.959441;265)|(2.59677,1,-3.959441;264)
(2.59677,1,-3.959441;265)|(2.49677,1,-3.959441;264)
(2.59677,1,-3.959441;265)|(2.69677,1,-3.959441;264)
(2.59677,1,-3.959441;265)|(2.69677,1,-3.959441;264)
(3.296769,1,-3.859441;265)|(3.396769,1,-3.859441;264)
(3.296769,1,-3.859441;265)|(3.396769,1,-3.859441;264)
(3.296769,1,-3.859441;265)|(3.296769,1,-3.859441;264)
(3.296769,1,-3.859441;265)|(3.196769,1,-3.859441;264)
(3.296769,1,-3.859441;265)|(3.296769,1,-3.859441;264)
(3.296769,1,-3.859441;265)|(3.196769,1,-3.859441;264)
(3.296769,1,-3.859441;265)|(3.196769,1,-3.859441;264)
(3.296769,1,-3.859441;265)|(3.396769,1,-3.859441;264)
(3.296769,1,-3.859441;265)|(3.296769,1,-3.859441;264)
(2.49677,1,-3.659441;265)|(2.39677,1,-3.659441;264)
(2.49677,1,-3.659441;265)|(2.39677,1,-3.659441;264)
(2.49677,1,-3.659441;265)|(2.59677,1,-3.659441;264)
(2.49677,1,-3.659441;265)|(2.49677,1,-3.659441;264)
(2.49677,1,-3.659441;265)|(2.49677,1,-3.659441;264)
(2.49677,1,-3.659441;265)|(2.59677,1,-3.659441;264)
(2.49677,1,-3.659441;265)|(2.59677,1,-3.659441;264)
(2.49677,1,-3.659441;265)|(2.39677,1,-3.659441;264)
(2.49677,1,-3.659441;265)|(2.49677,1,-3.659441;264)
(2.59677,1,-3.459441;265)|(2.59677,1,-3.459441;264)
(2.59677,1,-3.459441;265)|(2.49677,1,-3.459441;264)
(2.59677,1,-3.459441;265)|(2.59677,1,-3.459441;264)
(2.59677,1,-3.459441;265)|(2.49677,1,-3.459441;264)
(2.59677,1,-3.459441;265)|(2.59677,1,-3.459441;264)
(2.59677,1,-3.459441;265)|(2.69677,1,-3.459441;264)
(2.59677,1,-3.459441;265)|(2.69677,1,-3.459441;264)
(2.59677,1,-3.459441;265)|(2.69677,1,-3.459441;264)
(2.59677,1,-3.459441;265)|(2.49677,1,-3.459441;264)
(3.196769,1,-3.859441;265)|(3.09677,1,-3.859441;264)
(3.196769,1,-3.859441;265)|(3.09677,1,-3.859441;264)
(3.196769,1,-3.859441;265)|(3.296769,1,-3.859441;264)
(3.196769,1,-3.859441;265)|(3.196769,1,-3.859441;264)
(3.196769,1,-3.859441;265)|(3.296769,1,-3.859441;264)
(3.196769,1,-3.859441;265)|(3.196769,1,-3.859441;264)
(3.196769,1,-3.859441;265)|(3.196769,1,-3.859441;264)
(3.196769,1,-3.859441;265)|(3.09677,1,-3.859441;264)
(3.196769,1,-3.859441;265)|(3.296769,1,-3.859441;264)
(2.79677,1,-3.659441;265)|(2.69677,1,-3.659441;264)
(2.79677,1,-3.659441;265)|(2.89677,1,-3.659441;264)
(2.79677,1,-3.659441;265)|(2.79677,1,-3.659441;264)
(2.79677,1,-3.659441;265)|(2.79677,1,-3.659441;264)
(2.79677,1,-3.659441;265)|(2.79677,1,-3.659441;264)
(2.79677,1,-3.659441;265)|(2.69677,1,-3.659441;264)
(2.79677,1,-3.659441;265)|(2.69677,1,-3.659441;264)
(2.49677,1,-3.359441;265)|(2.59677,1,-3.359441;264)
(2.49677,1,-3.359441;265)|(2.49677,1,-3.359441;264)
(2.49677,1,-3.359441;265)|(2.59677,1,-3.359441;264)
(2.49677,1,-3.359441;265)|(2.49677,1,-3.359441;264)
(2.49677,1,-3.359441;265)|(2.39677,1,-3.359441;264)
(2.49677,1,-3.359441;265)|(2.39677,1,-3.359441;264)
(2.59677,1,-3.559441;265)|(2.49677,1,-3.559441;264)
(2.59677,1,-3.559441;265)|(2.59677,1,-3.559441;264)
(2.59677,1,-3.559441;265)|(2.49677,1,-3.559441;264)
(2.59677,1,-3.559441;265)|(2.59677,1,-3.559441;264)
(2.59677,1,-3.559441;265)|(2.59677,1,-3.559441;264)
(2.59677,1,-3.559441;265)|(2.69677,1,-3.559441;264)
(2.59677,1,-3.559441;265)|(2.69677,1,-3.559441;264)
(2.59677,1,-3.559441;265)|(2.69677,1,-3.559441;264)
(2.59677,1,-3.559441;265)|(2.49677,1,-3.559441;264)
(2.39677,1,-3.459441;265)|(2.49677,1,-3.459441;264)
(2.39677,1,-3.459441;265)|(2.49677,1,-3.459441;264)
(2.39677,1,-3.459441;265)|(2.39677,1,-3.459441;264)
(2.39677,1,-3.459441;265)|(2.39677,1,-3.459441;264)
(2.39677,1,-3.459441;265)|(2.39677,1,-3.459441;264)
(2.39677,1,-3.459441;265)|(2.49677,1,-3.459441;264)
(2.69677,1,-3.459441;265)|(2.59677,1,-3.459441;264)
(2.69677,1,-3.459441;265)|(2.79677,1,-3.459441;264)
(2.69677,1,-3.459441;265)|(2.79677,1,-3.459441;264)
(2.69677,1,-3.459441;265)|(2.59677,1,-3.459441;264)
(2.69677,1,-3.459441;265)|(2.59677,1,-3.459441;264)
(2.69677,1,-3.459441;265)|(2.69677,1,-3.459441;264)
(2.69677,1,-3.459441;265)|(2.69677,1,-3.459441;264)
(2.69677,1,-3.459441;265)|(2.69677,1,-3.459441;264)
(2.69677,1,-3.459441;265)|(2.79677,1,-3.459441;264)
(2.89677,1,-3.859441;265)|(2.89677,1,-3.859441;264)
(2.89677,1,-3.859441;265)|(2.99677,1,-3.859441;264)
(2.89677,1,-3.859441;265)|(2.79677,1,-3.859441;264)
(2.89677,1,-3.859441;265)|(2.99677,1,-3.859441;264)
(2.89677,1,-3.859441;265)|(2.89677,1,-3.859441;264)
(2.89677,1,-3.859441;265)|(2.89677,1,-3.859441;264)
(2.89677,1,-3.859441;265)|(2.79677,1,-3.859441;264)
(2.89677,1,-3.859441;265)|(2.79677,1,-3.859441;264)
(2.89677,1,-3.859441;265)|(2.99677,1,-3.859441;264)
(2.59677,1,-3.759441;265)|(2.69677,1,-3.759441;264)
(2.59677,1,-3.759441;265)|(2.59677,1,-3.759441;264)
(2.59677,1,-3.759441;265)|(2.59677,1,-3.759441;264)
(2.59677,1,-3.759441;265)|(2.49677,1,-3.759441;264)
(2.59677,1,-3.759441;265)|(2.49677,1,-3.759441;264)
(2.59677,1,-3.759441;265)|(2.59677,1,-3.759441;264)
(2.59677,1,-3.759441;265)|(2.49677,1,-3.759441;264)
(2.59677,1,-3.759441;265)|(2.69677,1,-3.759441;264)
(2.59677,1,-3.759441;265)|(2.69677,1,-3.759441;264)
(2.49677,1,-3.859441;265)|(2.59677,1,-3.859441;264)
(2.49677,1,-3.859441;265)|(2.49677,1,-3.859441;264)
(2.49677,1,-3.859441;265)|(2.39677,1,-3.859441;264)
(2.49677,1,-3.859441;265)|(2.49677,1,-3.859441;264)
(2.49677,1,-3.859441;265)|(2.59677,1,-3.859441;264)
(2.49677,1,-3.859441;265)|(2.59677,1,-3.859441;264)
(2.49677,1,-3.859441;265)|(2.49677,1,-3.859441;264)
(2.49677,1,-3.859441;265)|(2.39677,1,-3.859441;264)
(2.49677,1,-3.859441;265)|(2.39677,1,-3.859441;264)
(2.39677,1,-3.959441;265)|(2.49677,1,-3.959441;264)
(2.39677,1,-3.959441;265)|(2.49677,1,-3.959441;264)
(2.39677,1,-3.959441;265)|(2.39677,1,-3.959441;264)
(2.39677,1,-3.959441;265)|(2.39677,1,-3.959441;264)
(2.79677,1,-3.759441;265)|(2.69677,1,-3.759441;264)
(2.79677,1,-3.759441;265)|(2.89677,1,-3.759441;264)
(2.79677,1,-3.759441;265)|(2.79677,1,-3.759441;264)
(2.79677,1,-3.759441;265)|(2.89677,1,-3.759441;264)
(2.79677,1,-3.759441;265)|(2.79677,1,-3.759441;264)
(2.79677,1,-3.759441;265)|(2.69677,1,-3.759441;264)
(2.79677,1,-3.759441;265)|(2.79677,1,-3.759441;264)
(2.79677,1,-3.759441;265)|(2.69677,1,-3.759441;264)
(2.69677,1,-3.959441;265)|(2.59677,1,-3.959441;264)
(2.69677,1,-3.959441;265)|(2.79677,1,-3.959441;264)
(2.69677,1,-3.959441;265)|(2.59677,1,-3.959441;264)
(2.69677,1,-3.959441;265)|(2.69677,1,-3.959441;264)
(2.69677,1,-3.959441;265)|(2.79677,1,-3.959441;264)
(2.69677,1,-3.959441;265)|(2.69677,1,-3.959441;264)
(3.196769,1,-3.759441;265)|(3.09677,1,-3.759441;264)
(3.196769,1,-3.759441;265)|(3.296769,1,-3.759441;264)
(3.196769,1,-3.759441;265)|(3.296769,1,-3.759441;264)
(3.196769,1,-3.759441;265)|(3.196769,1,-3.759441;264)
(3.196769,1,-3.759441;265)|(3.196769,1,-3.759441;264)
(3.196769,1,-3.759441;265)|(3.09677,1,-3.759441;264)
(3.09677,1,-3.859441;265)|(2.99677,1,-3.859441;264)
(3.09677,1,-3.859441;265)|(3.09677,1,-3.859441;264)
(3.09677,1,-3.859441;265)|(3.09677,1,-3.859441;264)
(3.09677,1,-3.859441;265)|(2.99677,1,-3.859441;264)
(3.09677,1,-3.859441;265)|(3.196769,1,-3.859441;264)
(3.09677,1,-3.859441;265)|(3.196769,1,-3.859441;264)
(3.09677,1,-3.859441;265)|(3.196769,1,-3.859441;264)
(3.09677,1,-3.859441;265)|(3.09677,1,-3.859441;264)
(3.09677,1,-3.859441;265)|(2.99677,1,-3.859441;264)
(2.39677,1,-3.859441;265)|(2.49677,1,-3.859441;264)
(2.39677,1,-3.859441;265)|(2.39677,1,-3.859441;264)
(2.39677,1,-3.859441;265)|(2.49677,1,-3.859441;264)
(2.39677,1,-3.859441;265)|(2.49677,1,-3.859441;264)
(2.39677,1,-3.859441;265)|(2.39677,1,-3.859441;264)
(2.39677,1,-3.859441;265)|(2.39677,1,-3.859441;264)
(2.69677,1,-3.359441;265)|(2.59677,1,-3.359441;264)
(2.69677,1,-3.359441;265)|(2.79677,1,-3.359441;264)
(2.69677,1,-3.359441;265)|(2.59677,1,-3.359441;264)
(2.69677,1,-3.359441;265)|(2.69677,1,-3.359441;264)
(2.69677,1,-3.359441;265)|(2.69677,1,-3.359441;264)
(2.69677,1,-3.359441;265)|(2.79677,1,-3.359441;264)
(3.396769,1,-3.759441;265)|(3.496769,1,-3.759441;264)
(3.396769,1,-3.759441;265)|(3.396769,1,-3.759441;264)
(3.396769,1,-3.759441;265)|(3.296769,1,-3.759441;264)
(3.396769,1,-3.759441;265)|(3.296769,1,-3.759441;264)
(3.396769,1,-3.759441;265)|(3.396769,1,-3.759441;264)
(3.396769,1,-3.759441;265)|(3.496769,1,-3.759441;264)
(2.69677,1,-3.659441;265)|(2.69677,1,-3.659441;264)
(2.69677,1,-3.659441;265)|(2.79677,1,-3.659441;264)
(2.69677,1,-3.659441;265)|(2.59677,1,-3.659441;264)
(2.69677,1,-3.659441;265)|(2.79677,1,-3.659441;264)
(2.69677,1,-3.659441;265)|(2.59677,1,-3.659441;264)
(2.69677,1,-3.659441;265)|(2.59677,1,-3.659441;264)
(2.69677,1,-3.659441;265)|(2.79677,1,-3.659441;264)
(2.69677,1,-3.659441;265)|(2.69677,1,-3.659441;264)
(2.69677,1,-3.659441;265)|(2.69677,1,-3.659441;264)
(2.79677,1,-3.859441;265)|(2.69677,1,-3.859441;264)
(2.79677,1,-3.859441;265)|(2.89677,1,-3.859441;264)
(2.79677,1,-3.859441;265)|(2.79677,1,-3.859441;264)
(2.79677,1,-3.859441;265)|(2.89677,1,-3.859441;264)
(2.79677,1,-3.859441;265)|(2.89677,1,-3.859441;264)
(2.79677,1,-3.859441;265)|(2.79677,1,-3.859441;264)
(2.79677,1,-3.859441;265)|(2.69677,1,-3.859441;264)
(2.79677,1,-3.859441;265)|(2.79677,1,-3.859441;264)
(2.79677,1,-3.859441;265)|(2.69677,1,-3.859441;264)
(3.496769,1,-3.759441;265)|(3.496769,1,-3.759441;264)
(3.496769,1,-3.759441;265)|(3.396769,1,-3.759441;264)
(3.496769,1,-3.759441;265)|(3.396769,1,-3.759441;264)
(3.496769,1,-3.759441;265)|(3.496769,1,-3.759441;264)
(2.69677,1,-3.859441;265)|(2.69677,1,-3.859441;264)
(2.69677,1,-3.859441;265)|(2.59677,1,-3.859441;264)
(2.69677,1,-3.859441;265)|(2.79677,1,-3.859441;264)
(2.69677,1,-3.859441;265)|(2.59677,1,-3.859441;264)
(2.69677,1,-3.859441;265)|(2.59677,1,-3.859441;264)
(2.69677,1,-3.859441;265)|(2.79677,1,-3.859441;264)
(2.69677,1,-3.859441;265)|(2.69677,1,-3.859441;264)
(2.69677,1,-3.859441;265)|(2.79677,1,-3.859441;264)
(2.69677,1,-3.859441;265)|(2.69677,1,-3.859441;264)
(2.69677,1,-3.559441;265)|(2.79677,1,-3.559441;264)
(2.69677,1,-3.559441;265)|(2.79677,1,-3.559441;264)
(2.69677,1,-3.559441;265)|(2.59677,1,-3.559441;264)
(2.69677,1,-3.559441;265)|(2.59677,1,-3.559441;264)
(2.69677,1,-3.559441;265)|(2.79677,1,-3.559441;264)
(2.69677,1,-3.559441;265)|(2.59677,1,-3.559441;264)
(2.69677,1,-3.559441;265)|(2.69677,1,-3.559441;264)
(2.69677,1,-3.559441;265)|(2.69677,1,-3.559441;264)
(2.69677,1,-3.559441;265)|(2.69677,1,-3.559441;264)
(2.39677,1,-3.359441;265)|(2.49677,1,-3.359441;264)
(2.39677,1,-3.359441;265)|(2.49677,1,-3.359441;264)
(2.39677,1,-3.359441;265)|(2.39677,1,-3.359441;264)
(2.39677,1,-3.359441;265)|(2.39677,1,-3.359441;264)
(3.296769,1,-3.959441;265)|(3.396769,1,-3.959441;264)
(3.296769,1,-3.959441;265)|(3.396769,1,-3.959441;264)
(3.296769,1,-3.959441;265)|(3.196769,1,-3.959441;264)
(3.296769,1,-3.959441;265)|(3.296769,1,-3.959441;264)
(3.296769,1,-3.959441;265)|(3.196769,1,-3.959441;264)
(3.296769,1,-3.959441;265)|(3.296769,1,-3.959441;264)
(2.79677,1,-3.359441;265)|(2.79677,1,-3.359441;264)
(2.79677,1,-3.359441;265)|(2.69677,1,-3.359441;264)
(2.79677,1,-3.359441;265)|(2.69677,1,-3.359441;264)
(2.79677,1,-3.359441;265)|(2.79677,1,-3.359441;264)
(2.39677,1,-3.559441;265)|(2.49677,1,-3.559441;264)
(2.39677,1,-3.559441;265)|(2.39677,1,-3.559441;264)
(2.39677,1,-3.559441;265)|(2.49677,1,-3.559441;264)
(2.39677,1,-3.559441;265)|(2.39677,1,-3.559441;264)
(2.39677,1,-3.559441;265)|(2.39677,1,-3.559441;264)
(2.39677,1,-3.559441;265)|(2.49677,1,-3.559441;264)
(2.99677,1,-3.959441;265)|(3.09677,1,-3.959441;264)
(2.99677,1,-3.959441;265)|(2.99677,1,-3.959441;264)
(2.99677,1,-3.959441;265)|(2.89677,1,-3.959441;264)
(2.99677,1,-3.959441;265)|(2.89677,1,-3.959441;264)
(2.99677,1,-3.959441;265)|(3.09677,1,-3.959441;264)
(2.99677,1,-3.959441;265)|(2.99677,1,-3.959441;264)
(2.49677,1,-3.559441;265)|(2.49677,1,-3.559441;264)
(2.49677,1,-3.559441;265)|(2.39677,1,-3.559441;264)
(2.49677,1,-3.559441;265)|(2.59677,1,-3.559441;264)
(2.49677,1,-3.559441;265)|(2.49677,1,-3.559441;264)
(2.49677,1,-3.559441;265)|(2.59677,1,-3.559441;264)
(2.49677,1,-3.559441;265)|(2.59677,1,-3.559441;264)
(2.49677,1,-3.559441;265)|(2.39677,1,-3.559441;264)
(2.49677,1,-3.559441;265)|(2.39677,1,-3.559441;264)
(2.49677,1,-3.559441;265)|(2.49677,1,-3.559441;264)
