(2.69677,1,-3.759441;250)|(2.69677,1,-3.759441;249)
(2.69677,1,-3.759441;250)|(2.59677,1,-3.759441;249)
(2.69677,1,-3.759441;250)|(2.59677,1,-3.759441;249)
(2.69677,1,-3.759441;250)|(2.79677,1,-3.759441;249)
(2.69677,1,-3.759441;250)|(2.59677,1,-3.759441;249)
(2.69677,1,-3.759441;250)|(2.79677,1,-3.759441;249)
(2.69677,1,-3.759441;250)|(2.69677,1,-3.759441;249)
(2.69677,1,-3.759441;250)|(2.79677,1,-3.759441;249)
(2.69677,1,-3.759441;250)|(2.69677,1,-3.759441;249)
(2.59677,1,-3.859441;250)|(2.69677,1,-3.859441;249)
(2.59677,1,-3.859441;250)|(2.59677,1,-3.859441;249)
(2.59677,1,-3.859441;250)|(2.49677,1,-3.859441;249)
(2.59677,1,-3.859441;250)|(2.49677,1,-3.859441;249)
(2.59677,1,-3.859441;250)|(2.59677,1,-3.859441;249)
(2.59677,1,-3.859441;250)|(2.59677,1,-3.859441;249)
(2.59677,1,-3.859441;250)|(2.49677,1,-3.859441;249)
(2.59677,1,-3.859441;250)|(2.69677,1,-3.859441;249)
(2.59677,1,-3.859441;250)|(2.69677,1,-3.859441;249)
(3.496769,1,-3.859441;250)|(3.496769,1,-3.859441;249)
(3.496769,1,-3.859441;250)|(3.396769,1,-3.859441;249)
(3.496769,1,-3.859441;250)|(3.396769,1,-3.859441;249)
(3.496769,1,-3.859441;250)|(3.496769,1,-3.859441;249)
(3.496769,1,-3.859441;250)|(3.396769,1,-3.859441;249)
(3.496769,1,-3.859441;250)|(3.496769,1,-3.859441;249)
(2.89677,1,-3.759441;250)|(2.89677,1,-3.759441;249)
(2.89677,1,-3.759441;250)|(2.99677,1,-3.759441;249)
(2.89677,1,-3.759441;250)|(2.99677,1,-3.759441;249)
(2.89677,1,-3.759441;250)|(2.79677,1,-3.759441;249)
(2.89677,1,-3.759441;250)|(2.89677,1,-3.759441;249)
(2.89677,1,-3.759441;250)|(2.79677,1,-3.759441;249)
(2.89677,1,-3.759441;250)|(2.79677,1,-3.759441;249)
(3.396769,1,-3.959441;250)|(3.496769,1,-3.959441;249)
(3.396769,1,-3.959441;250)|(3.396769,1,-3.959441;249)
(3.396769,1,-3.959441;250)|(3.396769,1,-3.959441;249)
(3.396769,1,-3.959441;250)|(3.296769,1,-3.959441;249)
(3.396769,1,-3.959441;250)|(3.496769,1,-3.959441;249)
(3.396769,1,-3.959441;250)|(3.296769,1,-3.959441;249)
(2.59677,1,-3.359441;250)|(2.59677,1,-3.359441;249)
(2.59677,1,-3.359441;250)|(2.49677,1,-3.359441;249)
(2.59677,1,-3.359441;250)|(2.59677,1,-3.359441;249)
(2.59677,1,-3.359441;250)|(2.49677,1,-3.359441;249)
(2.59677,1,-3.359441;250)|(2.69677,1,-3.359441;249)
(2.59677,1,-3.359441;250)|(2.69677,1,-3.359441;249)
(2.99677,1,-3.759441;250)|(2.89677,1,-3.759441;249)
(2.99677,1,-3.759441;250)|(2.99677,1,-3.759441;249)
(2.99677,1,-3.759441;250)|(3.09677,1,-3.759441;249)
(2.99677,1,-3.759441;250)|(2.99677,1,-3.759441;249)
(2.99677,1,-3.759441;250)|(2.89677,1,-3.759441;249)
(2.99677,1,-3.759441;250)|(3.09677,1,-3.759441;249)
(2.49677,1,-3.459441;250)|(2.59677,1,-3.459441;249)
(2.49677,1,-3.459441;250)|(2.49677,1,-3.459441;249)
(2.49677,1,-3.459441;250)|(2.59677,1,-3.459441;249)
(2.49677,1,-3.459441;250)|(2.49677,1,-3.459441;249)
(2.49677,1,-3.459441;250)|(2.59677,1,-3.459441;249)
(2.49677,1,-3.459441;250)|(2.39677,1,-3.459441;249)
(2.49677,1,-3.459441;250)|(2.39677,1,-3.459441;249)
(2.49677,1,-3.459441;250)|(2.39677,1,-3.459441;249)
(2.49677,1,-3.459441;250)|(2.49677,1,-3.459441;249)
(2.79677,1,-3.959441;250)|(2.79677,1,-3.959441;249)
(2.79677,1,-3.959441;250)|(2.89677,1,-3.959441;249)
(2.79677,1,-3.959441;250)|(2.89677,1,-3.959441;249)
(2.79677,1,-3.959441;250)|(2.69677,1,-3.959441;249)
(2.79677,1,-3.959441;250)|(2.79677,1,-3.959441;249)
(2.79677,1,-3.959441;250)|(2.69677,1,-3.959441;249)
(3.09677,1,-3.959441;250)|(3.09677,1,-3.959441;249)
(3.09677,1,-3.959441;250)|(2.99677,1,-3.959441;249)
(3.09677,1,-3.959441;250)|(3.196769,1,-3.959441;249)
(3.09677,1,-3.959441;250)|(3.196769,1,-3.959441;249)
(3.09677,1,-3.959441;250)|(3.09677,1,-3.959441;249)
(3.09677,1,-3.959441;250)|(2.99677,1,-3.959441;249)
(2.49677,1,-3.959441;250)|(2.59677,1,-3.959441;249)
(2.49677,1,-3.959441;250)|(2.49677,1,-3.959441;249)
(2.49677,1,-3.959441;250)|(2.59677,1,-3.959441;249)
(2.49677,1,-3.959441;250)|(2.49677,1,-3.959441;249)
(2.49677,1,-3.959441;250)|(2.39677,1,-3.959441;249)
(2.49677,1,-3.959441;250)|(2.39677,1,-3.959441;249)
(2.79677,1,-3.459441;250)|(2.79677,1,-3.459441;249)
(2.79677,1,-3.459441;250)|(2.79677,1,-3.459441;249)
(2.79677,1,-3.459441;250)|(2.69677,1,-3.459441;249)
(2.79677,1,-3.459441;250)|(2.69677,1,-3.459441;249)
(2.79677,1,-3.459441;250)|(2.69677,1,-3.459441;249)
(2.79677,1,-3.459441;250)|(2.79677,1,-3.459441;249)
(2.39677,1,-3.659441;250)|(2.39677,1,-3.659441;249)
(2.39677,1,-3.659441;250)|(2.39677,1,-3.659441;249)
(2.39677,1,-3.659441;250)|(2.49677,1,-3.659441;249)
(2.39677,1,-3.659441;250)|(2.49677,1,-3.659441;249)
(2.39677,1,-3.659441;250)|(2.39677,1,-3.659441;249)
(2.39677,1,-3.659441;250)|(2.49677,1,-3.659441;249)
(3.396769,1,-3.859441;250)|(3.496769,1,-3.859441;249)
(3.396769,1,-3.859441;250)|(3.396769,1,-3.859441;249)
(3.396769,1,-3.859441;250)|(3.396769,1,-3.859441;249)
(3.396769,1,-3.859441;250)|(3.296769,1,-3.859441;249)
(3.396769,1,-3.859441;250)|(3.296769,1,-3.859441;249)
(3.396769,1,-3.859441;250)|(3.496769,1,-3.859441;249)
(3.396769,1,-3.859441;250)|(3.396769,1,-3.859441;249)
(3.396769,1,-3.859441;250)|(3.496769,1,-3.859441;249)
(3.396769,1,-3.859441;250)|(3.296769,1,-3.859441;249)
(3.09677,1,-3.759441;250)|(2.99677,1,-3.759441;249)
(3.09677,1,-3.759441;250)|(3.09677,1,-3.759441;249)
(3.09677,1,-3.759441;250)|(2.99677,1,-3.759441;249)
(3.09677,1,-3.759441;250)|(3.196769,1,-3.759441;249)
(3.09677,1,-3.759441;250)|(3.196769,1,-3.759441;249)
(3.09677,1,-3.759441;250)|(3.09677,1,-3.759441;249)
(2.99677,1,-3.859441;250)|(2.89677,1,-3.859441;249)
(2.99677,1,-3.859441;250)|(2.99677,1,-3.859441;249)
(2.99677,1,-3.859441;250)|(3.09677,1,-3.859441;249)
(2.99677,1,-3.859441;250)|(3.09677,1,-3.859441;249)
(2.99677,1,-3.859441;250)|(2.99677,1,-3.859441;249)
(2.99677,1,-3.859441;250)|(2.89677,1,-3.859441;249)
(2.99677,1,-3.859441;250)|(2.89677,1,-3.859441;249)
(2.99677,1,-3.859441;250)|(3.09677,1,-3.859441;249)
(2.99677,1,-3.859441;250)|(2.99677,1,-3.859441;249)
(2.79677,1,-3.559441;250)|(2.79677,1,-3.559441;249)
(2.79677,1,-3.559441;250)|(2.79677,1,-3.559441;249)
(2.79677,1,-3.559441;250)|(2.79677,1,-3.559441;249)
(2.79677,1,-3.559441;250)|(2.69677,1,-3.559441;249)
(2.79677,1,-3.559441;250)|(2.69677,1,-3.559441;249)
(2.79677,1,-3.559441;250)|(2.69677,1,-3.559441;249)
(2.39677,1,-3.759441;250)|(2.39677,1,-3.759441;249)
(2.39677,1,-3.759441;250)|(2.39677,1,-3.759441;249)
(2.39677,1,-3.759441;250)|(2.49677,1,-3.759441;249)
(2.39677,1,-3.759441;250)|(2.49677,1,-3.759441;249)
(2.39677,1,-3.759441;250)|(2.49677,1,-3.759441;249)
(2.39677,1,-3.759441;250)|(2.39677,1,-3.759441;249)
(2.89677,1,-3.959441;250)|(2.79677,1,-3.959441;249)
(2.89677,1,-3.959441;250)|(2.99677,1,-3.959441;249)
(2.89677,1,-3.959441;250)|(2.89677,1,-3.959441;249)
(2.89677,1,-3.959441;250)|(2.89677,1,-3.959441;249)
(2.89677,1,-3.959441;250)|(2.79677,1,-3.959441;249)
(2.89677,1,-3.959441;250)|(2.99677,1,-3.959441;249)
(2.59677,1,-3.659441;250)|(2.69677,1,-3.659441;249)
(2.59677,1,-3.659441;250)|(2.59677,1,-3.659441;249)
(2.59677,1,-3.659441;250)|(2.49677,1,-3.659441;249)
(2.59677,1,-3.659441;250)|(2.49677,1,-3.659441;249)
(2.59677,1,-3.659441;250)|(2.59677,1,-3.659441;249)
(2.59677,1,-3.659441;250)|(2.59677,1,-3.659441;249)
(2.59677,1,-3.659441;250)|(2.69677,1,-3.659441;249)
(2.59677,1,-3.659441;250)|(2.69677,1,-3.659441;249)
(2.59677,1,-3.659441;250)|(2.49677,1,-3.659441;249)
(3.296769,1,-3.759441;250)|(3.396769,1,-3.759441;249)
(3.296769,1,-3.759441;250)|(3.296769,1,-3.759441;249)
(3.296769,1,-3.759441;250)|(3.296769,1,-3.759441;249)
(3.296769,1,-3.759441;250)|(3.196769,1,-3.759441;249)
(3.296769,1,-3.759441;250)|(3.196769,1,-3.759441;249)
(3.296769,1,-3.759441;250)|(3.396769,1,-3.759441;249)
(3.196769,1,-3.959441;250)|(3.09677,1,-3.959441;249)
(3.196769,1,-3.959441;250)|(3.196769,1,-3.959441;249)
(3.196769,1,-3.959441;250)|(3.296769,1,-3.959441;249)
(3.196769,1,-3.959441;250)|(3.196769,1,-3.959441;249)
(3.196769,1,-3.959441;250)|(3.09677,1,-3.959441;249)
(3.196769,1,-3.959441;250)|(3.296769,1,-3.959441;249)
(2.49677,1,-3.759441;250)|(2.59677,1,-3.759441;249)
(2.49677,1,-3.759441;250)|(2.39677,1,-3.759441;249)
(2.49677,1,-3.759441;250)|(2.39677,1,-3.759441;249)
(2.49677,1,-3.759441;250)|(2.59677,1,-3.759441;249)
(2.49677,1,-3.759441;250)|(2.49677,1,-3.759441;249)
(2.49677,1,-3.759441;250)|(2.49677,1,-3.759441;249)
(2.49677,1,-3.759441;250)|(2.59677,1,-3.759441;249)
(2.49677,1,-3.759441;250)|(2.49677,1,-3.759441;249)
(2.49677,1,-3.759441;250)|(2.39677,1,-3.759441;249)
(2.59677,1,-3.959441;250)|(2.59677,1,-3.959441;249)
(2.59677,1,-3.959441;250)|(2.49677,1,-3.959441;249)
(2.59677,1,-3.959441;250)|(2.59677,1,-3.959441;249)
(2.59677,1,-3.959441;250)|(2.49677,1,-3.959441;249)
(2.59677,1,-3.959441;250)|(2.69677,1,-3.959441;249)
(2.59677,1,-3.959441;250)|(2.69677,1,-3.959441;249)
(3.296769,1,-3.859441;250)|(3.396769,1,-3.859441;249)
(3.296769,1,-3.859441;250)|(3.396769,1,-3.859441;249)
(3.296769,1,-3.859441;250)|(3.296769,1,-3.859441;249)
(3.296769,1,-3.859441;250)|(3.196769,1,-3.859441;249)
(3.296769,1,-3.859441;250)|(3.296769,1,-3.859441;249)
(3.296769,1,-3.859441;250)|(3.196769,1,-3.859441;249)
(3.296769,1,-3.859441;250)|(3.196769,1,-3.859441;249)
(3.296769,1,-3.859441;250)|(3.396769,1,-3.859441;249)
(3.296769,1,-3.859441;250)|(3.296769,1,-3.859441;249)
(2.49677,1,-3.659441;250)|(2.39677,1,-3.659441;249)
(2.49677,1,-3.659441;250)|(2.39677,1,-3.659441;249)
(2.49677,1,-3.659441;250)|(2.59677,1,-3.659441;249)
(2.49677,1,-3.659441;250)|(2.49677,1,-3.659441;249)
(2.49677,1,-3.659441;250)|(2.49677,1,-3.659441;249)
(2.49677,1,-3.659441;250)|(2.59677,1,-3.659441;249)
(2.49677,1,-3.659441;250)|(2.59677,1,-3.659441;249)
(2.49677,1,-3.659441;250)|(2.39677,1,-3.659441;249)
(2.49677,1,-3.659441;250)|(2.49677,1,-3.659441;249)
(2.59677,1,-3.459441;250)|(2.59677,1,-3.459441;249)
(2.59677,1,-3.459441;250)|(2.49677,1,-3.459441;249)
(2.59677,1,-3.459441;250)|(2.59677,1,-3.459441;249)
(2.59677,1,-3.459441;250)|(2.49677,1,-3.459441;249)
(2.59677,1,-3.459441;250)|(2.59677,1,-3.459441;249)
(2.59677,1,-3.459441;250)|(2.69677,1,-3.459441;249)
(2.59677,1,-3.459441;250)|(2.69677,1,-3.459441;249)
(2.59677,1,-3.459441;250)|(2.69677,1,-3.459441;249)
(2.59677,1,-3.459441;250)|(2.49677,1,-3.459441;249)
(3.196769,1,-3.859441;250)|(3.09677,1,-3.859441;249)
(3.196769,1,-3.859441;250)|(3.09677,1,-3.859441;249)
(3.196769,1,-3.859441;250)|(3.296769,1,-3.859441;249)
(3.196769,1,-3.859441;250)|(3.196769,1,-3.859441;249)
(3.196769,1,-3.859441;250)|(3.296769,1,-3.859441;249)
(3.196769,1,-3.859441;250)|(3.196769,1,-3.859441;249)
(3.196769,1,-3.859441;250)|(3.196769,1,-3.859441;249)
(3.196769,1,-3.859441;250)|(3.09677,1,-3.859441;249)
(3.196769,1,-3.859441;250)|(3.296769,1,-3.859441;249)
(2.79677,1,-3.659441;250)|(2.69677,1,-3.659441;249)
(2.79677,1,-3.659441;250)|(2.89677,1,-3.659441;249)
(2.79677,1,-3.659441;250)|(2.79677,1,-3.659441;249)
(2.79677,1,-3.659441;250)|(2.79677,1,-3.659441;249)
(2.79677,1,-3.659441;250)|(2.79677,1,-3.659441;249)
(2.79677,1,-3.659441;250)|(2.69677,1,-3.659441;249)
(2.79677,1,-3.659441;250)|(2.69677,1,-3.659441;249)
(2.49677,1,-3.359441;250)|(2.59677,1,-3.359441;249)
(2.49677,1,-3.359441;250)|(2.49677,1,-3.359441;249)
(2.49677,1,-3.359441;250)|(2.59677,1,-3.359441;249)
(2.49677,1,-3.359441;250)|(2.49677,1,-3.359441;249)
(2.49677,1,-3.359441;250)|(2.39677,1,-3.359441;249)
(2.49677,1,-3.359441;250)|(2.39677,1,-3.359441;249)
(2.59677,1,-3.559441;250)|(2.49677,1,-3.559441;249)
(2.59677,1,-3.559441;250)|(2.59677,1,-3.559441;249)
(2.59677,1,-3.559441;250)|(2.49677,1,-3.559441;249)
(2.59677,1,-3.559441;250)|(2.59677,1,-3.559441;249)
(2.59677,1,-3.559441;250)|(2.59677,1,-3.559441;249)
(2.59677,1,-3.559441;250)|(2.69677,1,-3.559441;249)
(2.59677,1,-3.559441;250)|(2.69677,1,-3.559441;249)
(2.59677,1,-3.559441;250)|(2.69677,1,-3.559441;249)
(2.59677,1,-3.559441;250)|(2.49677,1,-3.559441;249)
(2.39677,1,-3.459441;250)|(2.49677,1,-3.459441;249)
(2.39677,1,-3.459441;250)|(2.49677,1,-3.459441;249)
(2.39677,1,-3.459441;250)|(2.39677,1,-3.459441;249)
(2.39677,1,-3.459441;250)|(2.39677,1,-3.459441;249)
(2.39677,1,-3.459441;250)|(2.39677,1,-3.459441;249)
(2.39677,1,-3.459441;250)|(2.49677,1,-3.459441;249)
(2.69677,1,-3.459441;250)|(2.59677,1,-3.459441;249)
(2.69677,1,-3.459441;250)|(2.79677,1,-3.459441;249)
(2.69677,1,-3.459441;250)|(2.79677,1,-3.459441;249)
(2.69677,1,-3.459441;250)|(2.59677,1,-3.459441;249)
(2.69677,1,-3.459441;250)|(2.59677,1,-3.459441;249)
(2.69677,1,-3.459441;250)|(2.69677,1,-3.459441;249)
(2.69677,1,-3.459441;250)|(2.69677,1,-3.459441;249)
(2.69677,1,-3.459441;250)|(2.69677,1,-3.459441;249)
(2.69677,1,-3.459441;250)|(2.79677,1,-3.459441;249)
(2.89677,1,-3.859441;250)|(2.89677,1,-3.859441;249)
(2.89677,1,-3.859441;250)|(2.99677,1,-3.859441;249)
(2.89677,1,-3.859441;250)|(2.79677,1,-3.859441;249)
(2.89677,1,-3.859441;250)|(2.99677,1,-3.859441;249)
(2.89677,1,-3.859441;250)|(2.89677,1,-3.859441;249)
(2.89677,1,-3.859441;250)|(2.89677,1,-3.859441;249)
(2.89677,1,-3.859441;250)|(2.79677,1,-3.859441;249)
(2.89677,1,-3.859441;250)|(2.79677,1,-3.859441;249)
(2.89677,1,-3.859441;250)|(2.99677,1,-3.859441;249)
(3.496769,1,-3.959441;250)|(3.496769,1,-3.959441;249)
(3.496769,1,-3.959441;250)|(3.396769,1,-3.959441;249)
(3.496769,1,-3.959441;250)|(3.396769,1,-3.959441;249)
(3.496769,1,-3.959441;250)|(3.496769,1,-3.959441;249)
(2.59677,1,-3.759441;250)|(2.69677,1,-3.759441;249)
(2.59677,1,-3.759441;250)|(2.59677,1,-3.759441;249)
(2.59677,1,-3.759441;250)|(2.59677,1,-3.759441;249)
(2.59677,1,-3.759441;250)|(2.49677,1,-3.759441;249)
(2.59677,1,-3.759441;250)|(2.49677,1,-3.759441;249)
(2.59677,1,-3.759441;250)|(2.59677,1,-3.759441;249)
(2.59677,1,-3.759441;250)|(2.49677,1,-3.759441;249)
(2.59677,1,-3.759441;250)|(2.69677,1,-3.759441;249)
(2.59677,1,-3.759441;250)|(2.69677,1,-3.759441;249)
(2.49677,1,-3.859441;250)|(2.59677,1,-3.859441;249)
(2.49677,1,-3.859441;250)|(2.49677,1,-3.859441;249)
(2.49677,1,-3.859441;250)|(2.39677,1,-3.859441;249)
(2.49677,1,-3.859441;250)|(2.49677,1,-3.859441;249)
(2.49677,1,-3.859441;250)|(2.59677,1,-3.859441;249)
(2.49677,1,-3.859441;250)|(2.59677,1,-3.859441;249)
(2.49677,1,-3.859441;250)|(2.49677,1,-3.859441;249)
(2.49677,1,-3.859441;250)|(2.39677,1,-3.859441;249)
(2.49677,1,-3.859441;250)|(2.39677,1,-3.859441;249)
(2.39677,1,-3.959441;250)|(2.49677,1,-3.959441;249)
(2.39677,1,-3.959441;250)|(2.49677,1,-3.959441;249)
(2.39677,1,-3.959441;250)|(2.39677,1,-3.959441;249)
(2.39677,1,-3.959441;250)|(2.39677,1,-3.959441;249)
(2.79677,1,-3.759441;250)|(2.69677,1,-3.759441;249)
(2.79677,1,-3.759441;250)|(2.89677,1,-3.759441;249)
(2.79677,1,-3.759441;250)|(2.79677,1,-3.759441;249)
(2.79677,1,-3.759441;250)|(2.89677,1,-3.759441;249)
(2.79677,1,-3.759441;250)|(2.79677,1,-3.759441;249)
(2.79677,1,-3.759441;250)|(2.69677,1,-3.759441;249)
(2.79677,1,-3.759441;250)|(2.79677,1,-3.759441;249)
(2.79677,1,-3.759441;250)|(2.69677,1,-3.759441;249)
(2.69677,1,-3.959441;250)|(2.59677,1,-3.959441;249)
(2.69677,1,-3.959441;250)|(2.79677,1,-3.959441;249)
(2.69677,1,-3.959441;250)|(2.59677,1,-3.959441;249)
(2.69677,1,-3.959441;250)|(2.69677,1,-3.959441;249)
(2.69677,1,-3.959441;250)|(2.79677,1,-3.959441;249)
(2.69677,1,-3.959441;250)|(2.69677,1,-3.959441;249)
(3.196769,1,-3.759441;250)|(3.09677,1,-3.759441;249)
(3.196769,1,-3.759441;250)|(3.296769,1,-3.759441;249)
(3.196769,1,-3.759441;250)|(3.296769,1,-3.759441;249)
(3.196769,1,-3.759441;250)|(3.196769,1,-3.759441;249)
(3.196769,1,-3.759441;250)|(3.196769,1,-3.759441;249)
(3.196769,1,-3.759441;250)|(3.09677,1,-3.759441;249)
(3.09677,1,-3.859441;250)|(2.99677,1,-3.859441;249)
(3.09677,1,-3.859441;250)|(3.09677,1,-3.859441;249)
(3.09677,1,-3.859441;250)|(3.09677,1,-3.859441;249)
(3.09677,1,-3.859441;250)|(2.99677,1,-3.859441;249)
(3.09677,1,-3.859441;250)|(3.196769,1,-3.859441;249)
(3.09677,1,-3.859441;250)|(3.196769,1,-3.859441;249)
(3.09677,1,-3.859441;250)|(3.196769,1,-3.859441;249)
(3.09677,1,-3.859441;250)|(3.09677,1,-3.859441;249)
(3.09677,1,-3.859441;250)|(2.99677,1,-3.859441;249)
(2.39677,1,-3.859441;250)|(2.49677,1,-3.859441;249)
(2.39677,1,-3.859441;250)|(2.39677,1,-3.859441;249)
(2.39677,1,-3.859441;250)|(2.49677,1,-3.859441;249)
(2.39677,1,-3.859441;250)|(2.49677,1,-3.859441;249)
(2.39677,1,-3.859441;250)|(2.39677,1,-3.859441;249)
(2.39677,1,-3.859441;250)|(2.39677,1,-3.859441;249)
(2.69677,1,-3.359441;250)|(2.59677,1,-3.359441;249)
(2.69677,1,-3.359441;250)|(2.79677,1,-3.359441;249)
(2.69677,1,-3.359441;250)|(2.59677,1,-3.359441;249)
(2.69677,1,-3.359441;250)|(2.69677,1,-3.359441;249)
(2.69677,1,-3.359441;250)|(2.69677,1,-3.359441;249)
(2.69677,1,-3.359441;250)|(2.79677,1,-3.359441;249)
(3.396769,1,-3.759441;250)|(3.496769,1,-3.759441;249)
(3.396769,1,-3.759441;250)|(3.396769,1,-3.759441;249)
(3.396769,1,-3.759441;250)|(3.296769,1,-3.759441;249)
(3.396769,1,-3.759441;250)|(3.296769,1,-3.759441;249)
(3.396769,1,-3.759441;250)|(3.396769,1,-3.759441;249)
(3.396769,1,-3.759441;250)|(3.496769,1,-3.759441;249)
(2.69677,1,-3.659441;250)|(2.69677,1,-3.659441;249)
(2.69677,1,-3.659441;250)|(2.79677,1,-3.659441;249)
(2.69677,1,-3.659441;250)|(2.59677,1,-3.659441;249)
(2.69677,1,-3.659441;250)|(2.79677,1,-3.659441;249)
(2.69677,1,-3.659441;250)|(2.59677,1,-3.659441;249)
(2.69677,1,-3.659441;250)|(2.59677,1,-3.659441;249)
(2.69677,1,-3.659441;250)|(2.79677,1,-3.659441;249)
(2.69677,1,-3.659441;250)|(2.69677,1,-3.659441;249)
(2.69677,1,-3.659441;250)|(2.69677,1,-3.659441;249)
(2.79677,1,-3.859441;250)|(2.69677,1,-3.859441;249)
(2.79677,1,-3.859441;250)|(2.89677,1,-3.859441;249)
(2.79677,1,-3.859441;250)|(2.79677,1,-3.859441;249)
(2.79677,1,-3.859441;250)|(2.89677,1,-3.859441;249)
(2.79677,1,-3.859441;250)|(2.89677,1,-3.859441;249)
(2.79677,1,-3.859441;250)|(2.79677,1,-3.859441;249)
(2.79677,1,-3.859441;250)|(2.69677,1,-3.859441;249)
(2.79677,1,-3.859441;250)|(2.79677,1,-3.859441;249)
(2.79677,1,-3.859441;250)|(2.69677,1,-3.859441;249)
(3.496769,1,-3.759441;250)|(3.496769,1,-3.759441;249)
(3.496769,1,-3.759441;250)|(3.396769,1,-3.759441;249)
(3.496769,1,-3.759441;250)|(3.396769,1,-3.759441;249)
(3.496769,1,-3.759441;250)|(3.496769,1,-3.759441;249)
(2.69677,1,-3.859441;250)|(2.69677,1,-3.859441;249)
(2.69677,1,-3.859441;250)|(2.59677,1,-3.859441;249)
(2.69677,1,-3.859441;250)|(2.79677,1,-3.859441;249)
(2.69677,1,-3.859441;250)|(2.59677,1,-3.859441;249)
(2.69677,1,-3.859441;250)|(2.59677,1,-3.859441;249)
(2.69677,1,-3.859441;250)|(2.79677,1,-3.859441;249)
(2.69677,1,-3.859441;250)|(2.69677,1,-3.859441;249)
(2.69677,1,-3.859441;250)|(2.79677,1,-3.859441;249)
(2.69677,1,-3.859441;250)|(2.69677,1,-3.859441;249)
(2.69677,1,-3.559441;250)|(2.79677,1,-3.559441;249)
(2.69677,1,-3.559441;250)|(2.79677,1,-3.559441;249)
(2.69677,1,-3.559441;250)|(2.59677,1,-3.559441;249)
(2.69677,1,-3.559441;250)|(2.59677,1,-3.559441;249)
(2.69677,1,-3.559441;250)|(2.79677,1,-3.559441;249)
(2.69677,1,-3.559441;250)|(2.59677,1,-3.559441;249)
(2.69677,1,-3.559441;250)|(2.69677,1,-3.559441;249)
(2.69677,1,-3.559441;250)|(2.69677,1,-3.559441;249)
(2.69677,1,-3.559441;250)|(2.69677,1,-3.559441;249)
(2.39677,1,-3.359441;250)|(2.49677,1,-3.359441;249)
(2.39677,1,-3.359441;250)|(2.49677,1,-3.359441;249)
(2.39677,1,-3.359441;250)|(2.39677,1,-3.359441;249)
(2.39677,1,-3.359441;250)|(2.39677,1,-3.359441;249)
(3.296769,1,-3.959441;250)|(3.396769,1,-3.959441;249)
(3.296769,1,-3.959441;250)|(3.396769,1,-3.959441;249)
(3.296769,1,-3.959441;250)|(3.196769,1,-3.959441;249)
(3.296769,1,-3.959441;250)|(3.296769,1,-3.959441;249)
(3.296769,1,-3.959441;250)|(3.196769,1,-3.959441;249)
(3.296769,1,-3.959441;250)|(3.296769,1,-3.959441;249)
(2.79677,1,-3.359441;250)|(2.79677,1,-3.359441;249)
(2.79677,1,-3.359441;250)|(2.69677,1,-3.359441;249)
(2.79677,1,-3.359441;250)|(2.69677,1,-3.359441;249)
(2.79677,1,-3.359441;250)|(2.79677,1,-3.359441;249)
(2.39677,1,-3.559441;250)|(2.49677,1,-3.559441;249)
(2.39677,1,-3.559441;250)|(2.39677,1,-3.559441;249)
(2.39677,1,-3.559441;250)|(2.49677,1,-3.559441;249)
(2.39677,1,-3.559441;250)|(2.39677,1,-3.559441;249)
(2.39677,1,-3.559441;250)|(2.39677,1,-3.559441;249)
(2.39677,1,-3.559441;250)|(2.49677,1,-3.559441;249)
(2.99677,1,-3.959441;250)|(3.09677,1,-3.959441;249)
(2.99677,1,-3.959441;250)|(2.99677,1,-3.959441;249)
(2.99677,1,-3.959441;250)|(2.89677,1,-3.959441;249)
(2.99677,1,-3.959441;250)|(2.89677,1,-3.959441;249)
(2.99677,1,-3.959441;250)|(3.09677,1,-3.959441;249)
(2.99677,1,-3.959441;250)|(2.99677,1,-3.959441;249)
(2.49677,1,-3.559441;250)|(2.49677,1,-3.559441;249)
(2.49677,1,-3.559441;250)|(2.39677,1,-3.559441;249)
(2.49677,1,-3.559441;250)|(2.59677,1,-3.559441;249)
(2.49677,1,-3.559441;250)|(2.49677,1,-3.559441;249)
(2.49677,1,-3.559441;250)|(2.59677,1,-3.559441;249)
(2.49677,1,-3.559441;250)|(2.59677,1,-3.559441;249)
(2.49677,1,-3.559441;250)|(2.39677,1,-3.559441;249)
(2.49677,1,-3.559441;250)|(2.39677,1,-3.559441;249)
(2.49677,1,-3.559441;250)|(2.49677,1,-3.559441;249)
