(2.69677,1,-3.759441;259)|(2.69677,1,-3.759441;258)
(2.69677,1,-3.759441;259)|(2.59677,1,-3.759441;258)
(2.69677,1,-3.759441;259)|(2.59677,1,-3.759441;258)
(2.69677,1,-3.759441;259)|(2.79677,1,-3.759441;258)
(2.69677,1,-3.759441;259)|(2.59677,1,-3.759441;258)
(2.69677,1,-3.759441;259)|(2.79677,1,-3.759441;258)
(2.69677,1,-3.759441;259)|(2.69677,1,-3.759441;258)
(2.69677,1,-3.759441;259)|(2.79677,1,-3.759441;258)
(2.69677,1,-3.759441;259)|(2.69677,1,-3.759441;258)
(2.59677,1,-3.859441;259)|(2.69677,1,-3.859441;258)
(2.59677,1,-3.859441;259)|(2.59677,1,-3.859441;258)
(2.59677,1,-3.859441;259)|(2.49677,1,-3.859441;258)
(2.59677,1,-3.859441;259)|(2.49677,1,-3.859441;258)
(2.59677,1,-3.859441;259)|(2.59677,1,-3.859441;258)
(2.59677,1,-3.859441;259)|(2.59677,1,-3.859441;258)
(2.59677,1,-3.859441;259)|(2.49677,1,-3.859441;258)
(2.59677,1,-3.859441;259)|(2.69677,1,-3.859441;258)
(2.59677,1,-3.859441;259)|(2.69677,1,-3.859441;258)
(3.496769,1,-3.859441;259)|(3.496769,1,-3.859441;258)
(3.496769,1,-3.859441;259)|(3.396769,1,-3.859441;258)
(3.496769,1,-3.859441;259)|(3.396769,1,-3.859441;258)
(3.496769,1,-3.859441;259)|(3.496769,1,-3.859441;258)
(3.496769,1,-3.859441;259)|(3.396769,1,-3.859441;258)
(3.496769,1,-3.859441;259)|(3.496769,1,-3.859441;258)
(2.89677,1,-3.759441;259)|(2.89677,1,-3.759441;258)
(2.89677,1,-3.759441;259)|(2.99677,1,-3.759441;258)
(2.89677,1,-3.759441;259)|(2.99677,1,-3.759441;258)
(2.89677,1,-3.759441;259)|(2.79677,1,-3.759441;258)
(2.89677,1,-3.759441;259)|(2.89677,1,-3.759441;258)
(2.89677,1,-3.759441;259)|(2.79677,1,-3.759441;258)
(2.89677,1,-3.759441;259)|(2.79677,1,-3.759441;258)
(3.396769,1,-3.959441;259)|(3.496769,1,-3.959441;258)
(3.396769,1,-3.959441;259)|(3.396769,1,-3.959441;258)
(3.396769,1,-3.959441;259)|(3.396769,1,-3.959441;258)
(3.396769,1,-3.959441;259)|(3.296769,1,-3.959441;258)
(3.396769,1,-3.959441;259)|(3.496769,1,-3.959441;258)
(3.396769,1,-3.959441;259)|(3.296769,1,-3.959441;258)
(2.59677,1,-3.359441;259)|(2.59677,1,-3.359441;258)
(2.59677,1,-3.359441;259)|(2.49677,1,-3.359441;258)
(2.59677,1,-3.359441;259)|(2.59677,1,-3.359441;258)
(2.59677,1,-3.359441;259)|(2.49677,1,-3.359441;258)
(2.59677,1,-3.359441;259)|(2.69677,1,-3.359441;258)
(2.59677,1,-3.359441;259)|(2.69677,1,-3.359441;258)
(2.99677,1,-3.759441;259)|(2.89677,1,-3.759441;258)
(2.99677,1,-3.759441;259)|(2.99677,1,-3.759441;258)
(2.99677,1,-3.759441;259)|(3.09677,1,-3.759441;258)
(2.99677,1,-3.759441;259)|(2.99677,1,-3.759441;258)
(2.99677,1,-3.759441;259)|(2.89677,1,-3.759441;258)
(2.99677,1,-3.759441;259)|(3.09677,1,-3.759441;258)
(2.49677,1,-3.459441;259)|(2.59677,1,-3.459441;258)
(2.49677,1,-3.459441;259)|(2.49677,1,-3.459441;258)
(2.49677,1,-3.459441;259)|(2.59677,1,-3.459441;258)
(2.49677,1,-3.459441;259)|(2.49677,1,-3.459441;258)
(2.49677,1,-3.459441;259)|(2.59677,1,-3.459441;258)
(2.49677,1,-3.459441;259)|(2.39677,1,-3.459441;258)
(2.49677,1,-3.459441;259)|(2.39677,1,-3.459441;258)
(2.49677,1,-3.459441;259)|(2.39677,1,-3.459441;258)
(2.49677,1,-3.459441;259)|(2.49677,1,-3.459441;258)
(2.79677,1,-3.959441;259)|(2.79677,1,-3.959441;258)
(2.79677,1,-3.959441;259)|(2.89677,1,-3.959441;258)
(2.79677,1,-3.959441;259)|(2.89677,1,-3.959441;258)
(2.79677,1,-3.959441;259)|(2.69677,1,-3.959441;258)
(2.79677,1,-3.959441;259)|(2.79677,1,-3.959441;258)
(2.79677,1,-3.959441;259)|(2.69677,1,-3.959441;258)
(3.09677,1,-3.959441;259)|(3.09677,1,-3.959441;258)
(3.09677,1,-3.959441;259)|(2.99677,1,-3.959441;258)
(3.09677,1,-3.959441;259)|(3.196769,1,-3.959441;258)
(3.09677,1,-3.959441;259)|(3.196769,1,-3.959441;258)
(3.09677,1,-3.959441;259)|(3.09677,1,-3.959441;258)
(3.09677,1,-3.959441;259)|(2.99677,1,-3.959441;258)
(2.49677,1,-3.959441;259)|(2.59677,1,-3.959441;258)
(2.49677,1,-3.959441;259)|(2.49677,1,-3.959441;258)
(2.49677,1,-3.959441;259)|(2.59677,1,-3.959441;258)
(2.49677,1,-3.959441;259)|(2.49677,1,-3.959441;258)
(2.49677,1,-3.959441;259)|(2.39677,1,-3.959441;258)
(2.49677,1,-3.959441;259)|(2.39677,1,-3.959441;258)
(2.79677,1,-3.459441;259)|(2.79677,1,-3.459441;258)
(2.79677,1,-3.459441;259)|(2.79677,1,-3.459441;258)
(2.79677,1,-3.459441;259)|(2.69677,1,-3.459441;258)
(2.79677,1,-3.459441;259)|(2.69677,1,-3.459441;258)
(2.79677,1,-3.459441;259)|(2.69677,1,-3.459441;258)
(2.79677,1,-3.459441;259)|(2.79677,1,-3.459441;258)
(2.39677,1,-3.659441;259)|(2.39677,1,-3.659441;258)
(2.39677,1,-3.659441;259)|(2.39677,1,-3.659441;258)
(2.39677,1,-3.659441;259)|(2.49677,1,-3.659441;258)
(2.39677,1,-3.659441;259)|(2.49677,1,-3.659441;258)
(2.39677,1,-3.659441;259)|(2.39677,1,-3.659441;258)
(2.39677,1,-3.659441;259)|(2.49677,1,-3.659441;258)
(3.396769,1,-3.859441;259)|(3.496769,1,-3.859441;258)
(3.396769,1,-3.859441;259)|(3.396769,1,-3.859441;258)
(3.396769,1,-3.859441;259)|(3.396769,1,-3.859441;258)
(3.396769,1,-3.859441;259)|(3.296769,1,-3.859441;258)
(3.396769,1,-3.859441;259)|(3.296769,1,-3.859441;258)
(3.396769,1,-3.859441;259)|(3.496769,1,-3.859441;258)
(3.396769,1,-3.859441;259)|(3.396769,1,-3.859441;258)
(3.396769,1,-3.859441;259)|(3.496769,1,-3.859441;258)
(3.396769,1,-3.859441;259)|(3.296769,1,-3.859441;258)
(3.09677,1,-3.759441;259)|(2.99677,1,-3.759441;258)
(3.09677,1,-3.759441;259)|(3.09677,1,-3.759441;258)
(3.09677,1,-3.759441;259)|(2.99677,1,-3.759441;258)
(3.09677,1,-3.759441;259)|(3.196769,1,-3.759441;258)
(3.09677,1,-3.759441;259)|(3.196769,1,-3.759441;258)
(3.09677,1,-3.759441;259)|(3.09677,1,-3.759441;258)
(2.99677,1,-3.859441;259)|(2.89677,1,-3.859441;258)
(2.99677,1,-3.859441;259)|(2.99677,1,-3.859441;258)
(2.99677,1,-3.859441;259)|(3.09677,1,-3.859441;258)
(2.99677,1,-3.859441;259)|(3.09677,1,-3.859441;258)
(2.99677,1,-3.859441;259)|(2.99677,1,-3.859441;258)
(2.99677,1,-3.859441;259)|(2.89677,1,-3.859441;258)
(2.99677,1,-3.859441;259)|(2.89677,1,-3.859441;258)
(2.99677,1,-3.859441;259)|(3.09677,1,-3.859441;258)
(2.99677,1,-3.859441;259)|(2.99677,1,-3.859441;258)
(2.79677,1,-3.559441;259)|(2.79677,1,-3.559441;258)
(2.79677,1,-3.559441;259)|(2.79677,1,-3.559441;258)
(2.79677,1,-3.559441;259)|(2.79677,1,-3.559441;258)
(2.79677,1,-3.559441;259)|(2.69677,1,-3.559441;258)
(2.79677,1,-3.559441;259)|(2.69677,1,-3.559441;258)
(2.79677,1,-3.559441;259)|(2.69677,1,-3.559441;258)
(2.39677,1,-3.759441;259)|(2.39677,1,-3.759441;258)
(2.39677,1,-3.759441;259)|(2.39677,1,-3.759441;258)
(2.39677,1,-3.759441;259)|(2.49677,1,-3.759441;258)
(2.39677,1,-3.759441;259)|(2.49677,1,-3.759441;258)
(2.39677,1,-3.759441;259)|(2.49677,1,-3.759441;258)
(2.39677,1,-3.759441;259)|(2.39677,1,-3.759441;258)
(2.89677,1,-3.959441;259)|(2.79677,1,-3.959441;258)
(2.89677,1,-3.959441;259)|(2.99677,1,-3.959441;258)
(2.89677,1,-3.959441;259)|(2.89677,1,-3.959441;258)
(2.89677,1,-3.959441;259)|(2.89677,1,-3.959441;258)
(2.89677,1,-3.959441;259)|(2.79677,1,-3.959441;258)
(2.89677,1,-3.959441;259)|(2.99677,1,-3.959441;258)
(2.59677,1,-3.659441;259)|(2.69677,1,-3.659441;258)
(2.59677,1,-3.659441;259)|(2.59677,1,-3.659441;258)
(2.59677,1,-3.659441;259)|(2.49677,1,-3.659441;258)
(2.59677,1,-3.659441;259)|(2.49677,1,-3.659441;258)
(2.59677,1,-3.659441;259)|(2.59677,1,-3.659441;258)
(2.59677,1,-3.659441;259)|(2.59677,1,-3.659441;258)
(2.59677,1,-3.659441;259)|(2.69677,1,-3.659441;258)
(2.59677,1,-3.659441;259)|(2.69677,1,-3.659441;258)
(2.59677,1,-3.659441;259)|(2.49677,1,-3.659441;258)
(3.296769,1,-3.759441;259)|(3.396769,1,-3.759441;258)
(3.296769,1,-3.759441;259)|(3.296769,1,-3.759441;258)
(3.296769,1,-3.759441;259)|(3.296769,1,-3.759441;258)
(3.296769,1,-3.759441;259)|(3.196769,1,-3.759441;258)
(3.296769,1,-3.759441;259)|(3.196769,1,-3.759441;258)
(3.296769,1,-3.759441;259)|(3.396769,1,-3.759441;258)
(3.196769,1,-3.959441;259)|(3.09677,1,-3.959441;258)
(3.196769,1,-3.959441;259)|(3.196769,1,-3.959441;258)
(3.196769,1,-3.959441;259)|(3.296769,1,-3.959441;258)
(3.196769,1,-3.959441;259)|(3.196769,1,-3.959441;258)
(3.196769,1,-3.959441;259)|(3.09677,1,-3.959441;258)
(3.196769,1,-3.959441;259)|(3.296769,1,-3.959441;258)
(2.49677,1,-3.759441;259)|(2.59677,1,-3.759441;258)
(2.49677,1,-3.759441;259)|(2.39677,1,-3.759441;258)
(2.49677,1,-3.759441;259)|(2.39677,1,-3.759441;258)
(2.49677,1,-3.759441;259)|(2.59677,1,-3.759441;258)
(2.49677,1,-3.759441;259)|(2.49677,1,-3.759441;258)
(2.49677,1,-3.759441;259)|(2.49677,1,-3.759441;258)
(2.49677,1,-3.759441;259)|(2.59677,1,-3.759441;258)
(2.49677,1,-3.759441;259)|(2.49677,1,-3.759441;258)
(2.49677,1,-3.759441;259)|(2.39677,1,-3.759441;258)
(2.59677,1,-3.959441;259)|(2.59677,1,-3.959441;258)
(2.59677,1,-3.959441;259)|(2.49677,1,-3.959441;258)
(2.59677,1,-3.959441;259)|(2.59677,1,-3.959441;258)
(2.59677,1,-3.959441;259)|(2.49677,1,-3.959441;258)
(2.59677,1,-3.959441;259)|(2.69677,1,-3.959441;258)
(2.59677,1,-3.959441;259)|(2.69677,1,-3.959441;258)
(3.296769,1,-3.859441;259)|(3.396769,1,-3.859441;258)
(3.296769,1,-3.859441;259)|(3.396769,1,-3.859441;258)
(3.296769,1,-3.859441;259)|(3.296769,1,-3.859441;258)
(3.296769,1,-3.859441;259)|(3.196769,1,-3.859441;258)
(3.296769,1,-3.859441;259)|(3.296769,1,-3.859441;258)
(3.296769,1,-3.859441;259)|(3.196769,1,-3.859441;258)
(3.296769,1,-3.859441;259)|(3.196769,1,-3.859441;258)
(3.296769,1,-3.859441;259)|(3.396769,1,-3.859441;258)
(3.296769,1,-3.859441;259)|(3.296769,1,-3.859441;258)
(2.49677,1,-3.659441;259)|(2.39677,1,-3.659441;258)
(2.49677,1,-3.659441;259)|(2.39677,1,-3.659441;258)
(2.49677,1,-3.659441;259)|(2.59677,1,-3.659441;258)
(2.49677,1,-3.659441;259)|(2.49677,1,-3.659441;258)
(2.49677,1,-3.659441;259)|(2.49677,1,-3.659441;258)
(2.49677,1,-3.659441;259)|(2.59677,1,-3.659441;258)
(2.49677,1,-3.659441;259)|(2.59677,1,-3.659441;258)
(2.49677,1,-3.659441;259)|(2.39677,1,-3.659441;258)
(2.49677,1,-3.659441;259)|(2.49677,1,-3.659441;258)
(2.59677,1,-3.459441;259)|(2.59677,1,-3.459441;258)
(2.59677,1,-3.459441;259)|(2.49677,1,-3.459441;258)
(2.59677,1,-3.459441;259)|(2.59677,1,-3.459441;258)
(2.59677,1,-3.459441;259)|(2.49677,1,-3.459441;258)
(2.59677,1,-3.459441;259)|(2.59677,1,-3.459441;258)
(2.59677,1,-3.459441;259)|(2.69677,1,-3.459441;258)
(2.59677,1,-3.459441;259)|(2.69677,1,-3.459441;258)
(2.59677,1,-3.459441;259)|(2.69677,1,-3.459441;258)
(2.59677,1,-3.459441;259)|(2.49677,1,-3.459441;258)
(3.196769,1,-3.859441;259)|(3.09677,1,-3.859441;258)
(3.196769,1,-3.859441;259)|(3.09677,1,-3.859441;258)
(3.196769,1,-3.859441;259)|(3.296769,1,-3.859441;258)
(3.196769,1,-3.859441;259)|(3.196769,1,-3.859441;258)
(3.196769,1,-3.859441;259)|(3.296769,1,-3.859441;258)
(3.196769,1,-3.859441;259)|(3.196769,1,-3.859441;258)
(3.196769,1,-3.859441;259)|(3.196769,1,-3.859441;258)
(3.196769,1,-3.859441;259)|(3.09677,1,-3.859441;258)
(3.196769,1,-3.859441;259)|(3.296769,1,-3.859441;258)
(2.79677,1,-3.659441;259)|(2.69677,1,-3.659441;258)
(2.79677,1,-3.659441;259)|(2.89677,1,-3.659441;258)
(2.79677,1,-3.659441;259)|(2.79677,1,-3.659441;258)
(2.79677,1,-3.659441;259)|(2.79677,1,-3.659441;258)
(2.79677,1,-3.659441;259)|(2.79677,1,-3.659441;258)
(2.79677,1,-3.659441;259)|(2.69677,1,-3.659441;258)
(2.79677,1,-3.659441;259)|(2.69677,1,-3.659441;258)
(2.49677,1,-3.359441;259)|(2.59677,1,-3.359441;258)
(2.49677,1,-3.359441;259)|(2.49677,1,-3.359441;258)
(2.49677,1,-3.359441;259)|(2.59677,1,-3.359441;258)
(2.49677,1,-3.359441;259)|(2.49677,1,-3.359441;258)
(2.49677,1,-3.359441;259)|(2.39677,1,-3.359441;258)
(2.49677,1,-3.359441;259)|(2.39677,1,-3.359441;258)
(2.59677,1,-3.559441;259)|(2.49677,1,-3.559441;258)
(2.59677,1,-3.559441;259)|(2.59677,1,-3.559441;258)
(2.59677,1,-3.559441;259)|(2.49677,1,-3.559441;258)
(2.59677,1,-3.559441;259)|(2.59677,1,-3.559441;258)
(2.59677,1,-3.559441;259)|(2.59677,1,-3.559441;258)
(2.59677,1,-3.559441;259)|(2.69677,1,-3.559441;258)
(2.59677,1,-3.559441;259)|(2.69677,1,-3.559441;258)
(2.59677,1,-3.559441;259)|(2.69677,1,-3.559441;258)
(2.59677,1,-3.559441;259)|(2.49677,1,-3.559441;258)
(2.39677,1,-3.459441;259)|(2.49677,1,-3.459441;258)
(2.39677,1,-3.459441;259)|(2.49677,1,-3.459441;258)
(2.39677,1,-3.459441;259)|(2.39677,1,-3.459441;258)
(2.39677,1,-3.459441;259)|(2.39677,1,-3.459441;258)
(2.39677,1,-3.459441;259)|(2.39677,1,-3.459441;258)
(2.39677,1,-3.459441;259)|(2.49677,1,-3.459441;258)
(2.69677,1,-3.459441;259)|(2.59677,1,-3.459441;258)
(2.69677,1,-3.459441;259)|(2.79677,1,-3.459441;258)
(2.69677,1,-3.459441;259)|(2.79677,1,-3.459441;258)
(2.69677,1,-3.459441;259)|(2.59677,1,-3.459441;258)
(2.69677,1,-3.459441;259)|(2.59677,1,-3.459441;258)
(2.69677,1,-3.459441;259)|(2.69677,1,-3.459441;258)
(2.69677,1,-3.459441;259)|(2.69677,1,-3.459441;258)
(2.69677,1,-3.459441;259)|(2.69677,1,-3.459441;258)
(2.69677,1,-3.459441;259)|(2.79677,1,-3.459441;258)
(2.89677,1,-3.859441;259)|(2.89677,1,-3.859441;258)
(2.89677,1,-3.859441;259)|(2.99677,1,-3.859441;258)
(2.89677,1,-3.859441;259)|(2.79677,1,-3.859441;258)
(2.89677,1,-3.859441;259)|(2.99677,1,-3.859441;258)
(2.89677,1,-3.859441;259)|(2.89677,1,-3.859441;258)
(2.89677,1,-3.859441;259)|(2.89677,1,-3.859441;258)
(2.89677,1,-3.859441;259)|(2.79677,1,-3.859441;258)
(2.89677,1,-3.859441;259)|(2.79677,1,-3.859441;258)
(2.89677,1,-3.859441;259)|(2.99677,1,-3.859441;258)
(3.496769,1,-3.959441;259)|(3.496769,1,-3.959441;258)
(3.496769,1,-3.959441;259)|(3.396769,1,-3.959441;258)
(3.496769,1,-3.959441;259)|(3.396769,1,-3.959441;258)
(3.496769,1,-3.959441;259)|(3.496769,1,-3.959441;258)
(2.59677,1,-3.759441;259)|(2.69677,1,-3.759441;258)
(2.59677,1,-3.759441;259)|(2.59677,1,-3.759441;258)
(2.59677,1,-3.759441;259)|(2.59677,1,-3.759441;258)
(2.59677,1,-3.759441;259)|(2.49677,1,-3.759441;258)
(2.59677,1,-3.759441;259)|(2.49677,1,-3.759441;258)
(2.59677,1,-3.759441;259)|(2.59677,1,-3.759441;258)
(2.59677,1,-3.759441;259)|(2.49677,1,-3.759441;258)
(2.59677,1,-3.759441;259)|(2.69677,1,-3.759441;258)
(2.59677,1,-3.759441;259)|(2.69677,1,-3.759441;258)
(2.49677,1,-3.859441;259)|(2.59677,1,-3.859441;258)
(2.49677,1,-3.859441;259)|(2.49677,1,-3.859441;258)
(2.49677,1,-3.859441;259)|(2.39677,1,-3.859441;258)
(2.49677,1,-3.859441;259)|(2.49677,1,-3.859441;258)
(2.49677,1,-3.859441;259)|(2.59677,1,-3.859441;258)
(2.49677,1,-3.859441;259)|(2.59677,1,-3.859441;258)
(2.49677,1,-3.859441;259)|(2.49677,1,-3.859441;258)
(2.49677,1,-3.859441;259)|(2.39677,1,-3.859441;258)
(2.49677,1,-3.859441;259)|(2.39677,1,-3.859441;258)
(2.39677,1,-3.959441;259)|(2.49677,1,-3.959441;258)
(2.39677,1,-3.959441;259)|(2.49677,1,-3.959441;258)
(2.39677,1,-3.959441;259)|(2.39677,1,-3.959441;258)
(2.39677,1,-3.959441;259)|(2.39677,1,-3.959441;258)
(2.79677,1,-3.759441;259)|(2.69677,1,-3.759441;258)
(2.79677,1,-3.759441;259)|(2.89677,1,-3.759441;258)
(2.79677,1,-3.759441;259)|(2.79677,1,-3.759441;258)
(2.79677,1,-3.759441;259)|(2.89677,1,-3.759441;258)
(2.79677,1,-3.759441;259)|(2.79677,1,-3.759441;258)
(2.79677,1,-3.759441;259)|(2.69677,1,-3.759441;258)
(2.79677,1,-3.759441;259)|(2.79677,1,-3.759441;258)
(2.79677,1,-3.759441;259)|(2.69677,1,-3.759441;258)
(2.69677,1,-3.959441;259)|(2.59677,1,-3.959441;258)
(2.69677,1,-3.959441;259)|(2.79677,1,-3.959441;258)
(2.69677,1,-3.959441;259)|(2.59677,1,-3.959441;258)
(2.69677,1,-3.959441;259)|(2.69677,1,-3.959441;258)
(2.69677,1,-3.959441;259)|(2.79677,1,-3.959441;258)
(2.69677,1,-3.959441;259)|(2.69677,1,-3.959441;258)
(3.196769,1,-3.759441;259)|(3.09677,1,-3.759441;258)
(3.196769,1,-3.759441;259)|(3.296769,1,-3.759441;258)
(3.196769,1,-3.759441;259)|(3.296769,1,-3.759441;258)
(3.196769,1,-3.759441;259)|(3.196769,1,-3.759441;258)
(3.196769,1,-3.759441;259)|(3.196769,1,-3.759441;258)
(3.196769,1,-3.759441;259)|(3.09677,1,-3.759441;258)
(3.09677,1,-3.859441;259)|(2.99677,1,-3.859441;258)
(3.09677,1,-3.859441;259)|(3.09677,1,-3.859441;258)
(3.09677,1,-3.859441;259)|(3.09677,1,-3.859441;258)
(3.09677,1,-3.859441;259)|(2.99677,1,-3.859441;258)
(3.09677,1,-3.859441;259)|(3.196769,1,-3.859441;258)
(3.09677,1,-3.859441;259)|(3.196769,1,-3.859441;258)
(3.09677,1,-3.859441;259)|(3.196769,1,-3.859441;258)
(3.09677,1,-3.859441;259)|(3.09677,1,-3.859441;258)
(3.09677,1,-3.859441;259)|(2.99677,1,-3.859441;258)
(2.39677,1,-3.859441;259)|(2.49677,1,-3.859441;258)
(2.39677,1,-3.859441;259)|(2.39677,1,-3.859441;258)
(2.39677,1,-3.859441;259)|(2.49677,1,-3.859441;258)
(2.39677,1,-3.859441;259)|(2.49677,1,-3.859441;258)
(2.39677,1,-3.859441;259)|(2.39677,1,-3.859441;258)
(2.39677,1,-3.859441;259)|(2.39677,1,-3.859441;258)
(2.69677,1,-3.359441;259)|(2.59677,1,-3.359441;258)
(2.69677,1,-3.359441;259)|(2.79677,1,-3.359441;258)
(2.69677,1,-3.359441;259)|(2.59677,1,-3.359441;258)
(2.69677,1,-3.359441;259)|(2.69677,1,-3.359441;258)
(2.69677,1,-3.359441;259)|(2.69677,1,-3.359441;258)
(2.69677,1,-3.359441;259)|(2.79677,1,-3.359441;258)
(3.396769,1,-3.759441;259)|(3.496769,1,-3.759441;258)
(3.396769,1,-3.759441;259)|(3.396769,1,-3.759441;258)
(3.396769,1,-3.759441;259)|(3.296769,1,-3.759441;258)
(3.396769,1,-3.759441;259)|(3.296769,1,-3.759441;258)
(3.396769,1,-3.759441;259)|(3.396769,1,-3.759441;258)
(3.396769,1,-3.759441;259)|(3.496769,1,-3.759441;258)
(2.69677,1,-3.659441;259)|(2.69677,1,-3.659441;258)
(2.69677,1,-3.659441;259)|(2.79677,1,-3.659441;258)
(2.69677,1,-3.659441;259)|(2.59677,1,-3.659441;258)
(2.69677,1,-3.659441;259)|(2.79677,1,-3.659441;258)
(2.69677,1,-3.659441;259)|(2.59677,1,-3.659441;258)
(2.69677,1,-3.659441;259)|(2.59677,1,-3.659441;258)
(2.69677,1,-3.659441;259)|(2.79677,1,-3.659441;258)
(2.69677,1,-3.659441;259)|(2.69677,1,-3.659441;258)
(2.69677,1,-3.659441;259)|(2.69677,1,-3.659441;258)
(2.79677,1,-3.859441;259)|(2.69677,1,-3.859441;258)
(2.79677,1,-3.859441;259)|(2.89677,1,-3.859441;258)
(2.79677,1,-3.859441;259)|(2.79677,1,-3.859441;258)
(2.79677,1,-3.859441;259)|(2.89677,1,-3.859441;258)
(2.79677,1,-3.859441;259)|(2.89677,1,-3.859441;258)
(2.79677,1,-3.859441;259)|(2.79677,1,-3.859441;258)
(2.79677,1,-3.859441;259)|(2.69677,1,-3.859441;258)
(2.79677,1,-3.859441;259)|(2.79677,1,-3.859441;258)
(2.79677,1,-3.859441;259)|(2.69677,1,-3.859441;258)
(3.496769,1,-3.759441;259)|(3.496769,1,-3.759441;258)
(3.496769,1,-3.759441;259)|(3.396769,1,-3.759441;258)
(3.496769,1,-3.759441;259)|(3.396769,1,-3.759441;258)
(3.496769,1,-3.759441;259)|(3.496769,1,-3.759441;258)
(2.69677,1,-3.859441;259)|(2.69677,1,-3.859441;258)
(2.69677,1,-3.859441;259)|(2.59677,1,-3.859441;258)
(2.69677,1,-3.859441;259)|(2.79677,1,-3.859441;258)
(2.69677,1,-3.859441;259)|(2.59677,1,-3.859441;258)
(2.69677,1,-3.859441;259)|(2.59677,1,-3.859441;258)
(2.69677,1,-3.859441;259)|(2.79677,1,-3.859441;258)
(2.69677,1,-3.859441;259)|(2.69677,1,-3.859441;258)
(2.69677,1,-3.859441;259)|(2.79677,1,-3.859441;258)
(2.69677,1,-3.859441;259)|(2.69677,1,-3.859441;258)
(2.69677,1,-3.559441;259)|(2.79677,1,-3.559441;258)
(2.69677,1,-3.559441;259)|(2.79677,1,-3.559441;258)
(2.69677,1,-3.559441;259)|(2.59677,1,-3.559441;258)
(2.69677,1,-3.559441;259)|(2.59677,1,-3.559441;258)
(2.69677,1,-3.559441;259)|(2.79677,1,-3.559441;258)
(2.69677,1,-3.559441;259)|(2.59677,1,-3.559441;258)
(2.69677,1,-3.559441;259)|(2.69677,1,-3.559441;258)
(2.69677,1,-3.559441;259)|(2.69677,1,-3.559441;258)
(2.69677,1,-3.559441;259)|(2.69677,1,-3.559441;258)
(2.39677,1,-3.359441;259)|(2.49677,1,-3.359441;258)
(2.39677,1,-3.359441;259)|(2.49677,1,-3.359441;258)
(2.39677,1,-3.359441;259)|(2.39677,1,-3.359441;258)
(2.39677,1,-3.359441;259)|(2.39677,1,-3.359441;258)
(3.296769,1,-3.959441;259)|(3.396769,1,-3.959441;258)
(3.296769,1,-3.959441;259)|(3.396769,1,-3.959441;258)
(3.296769,1,-3.959441;259)|(3.196769,1,-3.959441;258)
(3.296769,1,-3.959441;259)|(3.296769,1,-3.959441;258)
(3.296769,1,-3.959441;259)|(3.196769,1,-3.959441;258)
(3.296769,1,-3.959441;259)|(3.296769,1,-3.959441;258)
(2.79677,1,-3.359441;259)|(2.79677,1,-3.359441;258)
(2.79677,1,-3.359441;259)|(2.69677,1,-3.359441;258)
(2.79677,1,-3.359441;259)|(2.69677,1,-3.359441;258)
(2.79677,1,-3.359441;259)|(2.79677,1,-3.359441;258)
(2.39677,1,-3.559441;259)|(2.49677,1,-3.559441;258)
(2.39677,1,-3.559441;259)|(2.39677,1,-3.559441;258)
(2.39677,1,-3.559441;259)|(2.49677,1,-3.559441;258)
(2.39677,1,-3.559441;259)|(2.39677,1,-3.559441;258)
(2.39677,1,-3.559441;259)|(2.39677,1,-3.559441;258)
(2.39677,1,-3.559441;259)|(2.49677,1,-3.559441;258)
(2.99677,1,-3.959441;259)|(3.09677,1,-3.959441;258)
(2.99677,1,-3.959441;259)|(2.99677,1,-3.959441;258)
(2.99677,1,-3.959441;259)|(2.89677,1,-3.959441;258)
(2.99677,1,-3.959441;259)|(2.89677,1,-3.959441;258)
(2.99677,1,-3.959441;259)|(3.09677,1,-3.959441;258)
(2.99677,1,-3.959441;259)|(2.99677,1,-3.959441;258)
(2.49677,1,-3.559441;259)|(2.49677,1,-3.559441;258)
(2.49677,1,-3.559441;259)|(2.39677,1,-3.559441;258)
(2.49677,1,-3.559441;259)|(2.59677,1,-3.559441;258)
(2.49677,1,-3.559441;259)|(2.49677,1,-3.559441;258)
(2.49677,1,-3.559441;259)|(2.59677,1,-3.559441;258)
(2.49677,1,-3.559441;259)|(2.59677,1,-3.559441;258)
(2.49677,1,-3.559441;259)|(2.39677,1,-3.559441;258)
(2.49677,1,-3.559441;259)|(2.39677,1,-3.559441;258)
(2.49677,1,-3.559441;259)|(2.49677,1,-3.559441;258)
